1382460924 803 440168 82165
1382463024 803 440219 82165
1382466619 803 440268 82165
1382470219 803 440290 82193
1382473810 803 440302 82193
1382477411 803 440313 82193
1382481008 803 440362 82193
1382484608 803 440523 82201
1382488215 803 440585 82201
1382491821 803 440637 82218
1382495426 803 440694 82218
1382499024 803 440764 82244
1382502620 803 440978 82244
1382506252 803 441440 82278
1382509839 803 441683 82385
1382513489 804 441746 82385
1382517035 804 441841 82460
1382520652 804 442126 82460
1382524230 804 442613 82568
1382527888 807 443309 82568
1382531488 807 444120 82769
1382536271 810 445019 82970
1382538658 810 445420 82970
1382542244 810 445713 83171
1382544038 810 445785 83171
1382547640 810 445890 83171
1382551223 810 445965 83277
1382554823 810 446010 83277
1382558420 810 446023 83304
1382562008 810 446038 83304
1382565608 810 446061 83308
1382569221 810 446136 83308
1382572819 810 446222 83308
1382576424 810 446263 83323
1382580023 810 446289 83323
1382583624 810 446332 83347
1382587227 810 446419 83347
1382590831 810 446695 83382
1382594434 810 447063 83382
1382598030 810 447138 83516
1382601636 810 447233 83516
1382605227 810 447333 83578
1382608842 810 447685 83676
1382612483 810 448340 83676
1382616028 818 448986 83676
1382619659 818 449758 83877
1382623261 818 450542 84078
1382627868 818 450973 84261
1382630434 819 451090 84261
1382637625 820 451207 84295
1382641217 820 451218 84295
1382644819 820 451229 84300
1382648412 820 451240 84300
1382652014 820 451264 84300
1382655616 820 451328 84300
1382659218 820 451437 84308
1382662822 820 451465 84308
1382666423 820 451503 84335
1382670028 820 451533 84335
1382673624 820 451592 84362
1382677234 820 451891 84362
1382680838 820 452264 84403
1382684437 820 452385 84403
1382688038 820 452569 84592
1382691636 822 452829 84673
1382695231 823 453355 84874
1382698826 823 454055 84874
1382702432 824 454960 84874
1382706057 826 455913 85276
1382709649 830 456936 85477
1382713246 831 457686 85477
1382716824 832 458246 85678
1382720433 833 458635 85879
1382724029 834 458781 85879
1382727624 835 458840 85918
1382731223 835 458891 85918
1382734825 835 458921 85918
1382738417 835 458978 85926
1382742019 835 459095 85926
1382745622 835 459510 85934
1382749226 839 460152 86065
1382752829 839 461038 86266
1382756445 844 462041 86266
1382760031 844 463230 86266
1382763631 847 464416 86668
1382767237 851 465542 86869
1382770833 854 466658 87070
1382774438 855 467652 87271
1382778040 858 468637 87472
1382781634 865 469695 87673
1382785235 867 470905 87874
1382788840 872 472188 88075
1382792491 878 473627 88477
1382797103 884 475321 88678
1382799652 885 476323 88678
1382803233 886 477142 88678
1382806827 891 477584 88879
1382810430 892 477847 88879
1382814028 892 477950 89004
1382817622 892 477999 89004
1382821213 892 478031 89050
1382824811 892 478073 89050
1382828419 892 478160 89066
1382832029 892 478552 89066
1382835629 896 479237 89100
1382839231 898 480152 89100
1382842834 906 481149 89502
1382846428 909 482208 89703
1382850082 914 483269 89703
1382853653 917 484363 90306
1382857258 921 485285 90507
1382860941 924 486314 90507
1382864548 926 487323 90708
1382868044 931 488412 91110
1382871633 936 489349 91110
1382875268 942 490384 91512
1382878838 946 491430 91512
1382882602 950 492185 91914
1382886032 951 492516 91914
1382889641 952 492679 92115
1382893226 952 492779 92115
1382896829 952 492813 92115
1382900424 952 492826 92159
1382904018 952 492838 92159
1382907613 952 492859 92163
1382911217 952 492884 92163
1382914812 952 492935 92167
1382918422 952 493056 92167
1382922035 952 493077 92198
1382925633 952 493142 92198
1382929229 952 493191 92211
1382932836 952 493254 92211
1382936443 952 493598 92268
1382940034 952 494028 92268
1382943656 952 494105 92425
1382947233 952 494162 92425
1382950838 952 494292 92469
1382954466 952 494630 92469
1382958538 952 495112 92469
1382961660 952 495731 92469
1382965268 952 496549 92871
1382968882 952 497154 92871
1382972528 952 497567 93072
1382976033 952 497736 93072
1382979637 952 497838 93273
1382983226 952 497863 93354
1382986821 952 497873 93354
1382990419 952 497891 93373
1382994011 952 497907 93373
1382997611 952 497932 93373
1383001216 952 498002 93373
1383004829 952 498102 93377
1383008419 952 498127 93377
1383012031 952 498144 93404
1383015624 952 498177 93404
1383019230 952 498225 93414
1383022847 952 498581 93414
1383026434 952 498918 93474
1383030037 952 498986 93474
1383033648 952 499052 93650
1383037226 952 499166 93691
1383040837 952 499458 93691
1383044464 952 500050 93878
1383048251 952 500717 93878
1383051675 952 501557 93878
1383058908 952 502570 94280
1383066061 952 502870 94451
1383070585 952 502903 94451
1383073218 952 502912 94495
1383076823 952 502920 94495
1383080419 952 502928 94495
1383084019 952 502952 94495
1383087622 952 503018 94509
1383091225 952 503129 94509
1383094833 952 503143 94525
1383098426 952 503167 94525
1383102030 952 503198 94545
1383105672 952 503299 94545
1383109265 952 503596 94545
1383112855 952 503983 94566
1383116462 952 504111 94749
1383120054 952 504234 94749
1383123631 952 504368 94749
1383127227 952 504765 94920
1383134472 952 506178 95121
1383156030 952 509896 95745
1383159621 952 509930 95745
1383163219 952 509940 95745
1383166811 952 509960 95745
1383170409 952 510000 95757
1383174021 952 510112 95757
1383177621 952 510218 95757
1383181228 952 510265 95766
1383184832 952 510310 95810
1383188451 952 510371 95841
1383192030 952 510474 95841
1383195637 952 510935 95841
1383199233 952 511449 95954
1383202857 952 511597 95954
1383206434 952 511751 96129
1383210038 952 511911 96209
1383213636 952 512346 96209
1383217271 952 513010 96209
1383220877 952 513757 96209
1383224459 952 514592 96611
1383228059 952 515400 96611
1383231693 952 515906 96812
1383235262 952 516191 96899
1383238838 952 516394 96899
1383242430 952 516463 96899
1383246026 952 516497 96899
1383249617 952 516511 96969
1383253223 952 516550 96969
1383256811 952 516636 96995
1383260421 952 516739 97006
1383264017 952 516881 97006
1383267627 952 516949 97006
1383271257 952 516996 97040
1383274841 952 517076 97040
1383278454 952 517173 97055
1383282036 952 517540 97149
1383285648 952 518018 97149
1383289235 952 518192 97315
1383292847 952 518398 97315
1383296434 952 518703 97413
1383300036 952 519334 97413
1383303635 952 520513 97413
1383307406 952 521846 97815
1383310945 1014 523462 98217
1383314477 1014 525337 98418
1383318101 1014 526837 98619
1383321814 1014 527840 98619
1383325231 1014 528379 98820
1383328824 1014 528666 98820
1383332418 1014 528766 98895
1383336017 1014 528821 98895
1383339622 1014 528867 98924
1383343216 1014 528911 98924
1383346815 1014 529056 98940
1383350423 1014 529524 98940
1383354026 1014 530218 99034
1383357622 1014 531067 99235
1383361227 1014 532104 99436
1383364875 1014 533307 99637
1383368425 1053 534499 99637
1383372072 1054 535905 100039
1383375858 1054 537213 100240
1383379311 1054 538461 100240
1383382833 1054 539654 100642
1383386454 1054 540879 100843
1383390035 1054 542219 101044
1383393632 1054 543604 101245
1383397237 1054 545119 101245
1383404443 1054 548057 102049
1383408036 1054 548904 102250
1383411630 1054 549399 102250
1383415226 1054 549643 102250
1383418824 1054 549771 102250
1383422424 1054 549835 102366
1383426017 1054 549855 102366
1383429614 1054 549897 102398
1383433216 1054 549983 102398
1383436818 1054 550384 102418
1383440428 1054 551164 102581
1383444027 1054 552212 102581
1383447629 1054 553189 102782
1383451228 1054 554229 103184
1383455783 1054 555659 103586
1383458439 1054 556476 103787
1383462032 1054 557580 103988
1383465640 1054 558653 104189
1383469231 1054 559801 104189
1383476439 1054 561964 104993
1383480032 1054 563158 105194
1383483638 1054 564412 105596
1383487235 1054 565351 105596
1383490837 1054 566004 105797
1383491747 1054 566097 105797
1383491916 1054 566097 105797
1383493336 1054 566256 105797
1383494430 1054 566313 105797
1383498030 1054 566425 105797
1383501624 1054 566474 105914
1383505221 1054 566495 105914
1383508813 1054 566514 105980
1383512412 1054 566529 105980
1383516012 1054 566546 105980
1383519619 1054 566612 105980
1383523222 1054 566739 105990
1383526832 1054 566792 105990
1383530429 1054 566835 106005
1383534028 1054 566927 106005
1383537635 1054 567013 106023
1383541291 1054 567481 106023
1383544831 1054 567936 106259
1383548703 1054 568052 106259
1383552040 1054 568120 106259
1383555649 1055 568273 106259
1383559348 1141 568689 106456
1383562857 1143 569446 106657
1383566442 1145 570201 106657
1383570031 1146 571129 106858
1383573666 1148 571828 107059
1383577406 1151 572253 107059
1383580854 1151 572465 107260
1383584468 1152 572594 107260
1383588068 1152 572622 107376
1383591622 1152 572631 107376
1383595210 1152 572643 107395
1383598809 1152 572653 107395
1383602411 1152 572677 107395
1383606015 1152 572779 107405
1383609617 1152 572848 107416
1383613230 1152 572872 107416
1383616827 1153 572903 107445
1383620432 1153 572936 107445
1383624036 1153 573013 107465
1383627637 1154 573370 107581
1383631230 1156 573847 107581
1383634879 1156 573995 107752
1383638445 1156 574134 107752
1383642047 1156 574286 107820
1383645650 1158 574696 107820
1383649240 1160 575393 108021
1383652908 1160 576200 108222
1383656553 1163 577440 108423
1383660060 1165 578599 108624
1383663633 1166 579369 108624
1383667261 1167 579714 108799
1383670847 1167 579866 108799
1383674431 1167 579980 108799
1383678029 1167 580000 108846
1383681626 1167 580016 108846
1383685214 1167 580032 108846
1383688822 1167 580058 108846
1383692418 1167 580201 108879
1383696021 1167 580315 108879
1383699630 1167 580386 108911
1383703230 1167 580472 108911
1383706860 1168 580552 108930
1383710452 1169 580715 108930
1383714036 1171 581191 109033
1383717635 1173 581655 109033
1383721248 1174 581793 109196
1383724860 1174 581915 109196
1383728446 1175 582111 109196
1383732068 1178 582563 109261
1383735657 1184 583351 109462
1383739303 1188 584344 109663
1383742860 1191 585413 109663
1383746471 1193 586439 110065
1383750128 1192 586896 110065
1383753629 1192 587170 110065
1383757225 1193 587277 110266
1383760840 1193 587331 110266
1383764415 1193 587346 110363
1383768023 1193 587362 110363
1383771621 1194 587376 110363
1383775222 1194 587406 110363
1383778821 1194 587529 110375
1383782422 1194 587694 110375
1383786033 1195 587745 110426
1383789633 1195 587810 110426
1383793257 1195 587901 110451
1383796842 1195 588037 110451
1383800454 1195 588442 110505
1383804040 1195 588948 110505
1383807659 1195 589159 110706
1383811255 1195 589286 110706
1383814834 1197 589504 110765
1383818436 1199 590011 110765
1383822041 1200 590820 110939
1383825634 1203 591727 111140
1383829265 1203 593050 111341
1383832833 1205 594386 111542
1383836455 1206 595140 111743
1383840090 1206 595494 111743
1383843640 1206 595664 111743
1383847223 1206 595721 111835
1383850818 1206 595757 111835
1383854423 1206 595769 111861
1383858022 1206 595784 111861
1383861622 1206 595815 111868
1383865214 1206 595923 111868
1383868822 1206 596075 111910
1383872426 1206 596138 111910
1383876044 1206 596223 111942
1383879636 1206 596328 111942
1383883226 1206 596481 111966
1383886840 1206 596991 112167
1383890482 1206 597632 112167
1383894096 1207 597927 112167
1383897641 1207 598184 112313
1383901261 1211 598683 112514
1383904858 1215 599515 112715
1383908429 1221 600998 112715
1383912039 1225 602934 113117
1383915687 1232 604768 113519
1383919283 1238 606751 113720
1383922918 1245 608653 113921
1383926545 1248 609830 114122
1383930033 1249 610488 114122
1383933619 1249 610748 114274
1383937309 1249 610868 114274
1383940821 1249 610930 114274
1383944421 1249 610987 114315
1383948094 1249 611059 114315
1383951622 1250 611236 114329
1383955215 1252 611851 114329
1383958825 1253 612784 114409
1383962438 1259 613930 114811
1383966042 1263 615047 114811
1383969627 1266 616381 115213
1383973236 1271 617980 115414
1383976835 1273 619483 115615
1383980432 1275 620741 115816
1383984027 1278 621957 116218
1383987644 1282 623322 116419
1383991232 1285 624660 116620
1383994842 1285 626018 117022
1383998585 1292 627455 117022
1384005649 1299 630641 117826
1384009516 1304 631937 117826
1384012879 1306 632954 118027
1384016491 1307 633392 118027
1384020024 1309 633596 118228
1384023629 1309 633703 118228
1384027224 1310 633758 118377
1384030822 1310 633800 118377
1384034418 1310 633836 118420
1384038021 1310 633919 118420
1384041622 1312 634257 118435
1384045227 1313 634974 118435
1384048831 1314 635970 118902
1384052475 1315 637047 118902
1384056028 1320 638258 119304
1384060684 1324 639751 119304
1384063487 1327 640690 119907
1384067056 1334 641991 119907
1384070531 1335 643304 120309
1384074036 1343 644584 120711
1384077642 1347 645902 121113
1384081305 1353 647537 121314
1384088501 1363 651040 121917
1384092118 1365 652554 122118
1384099232 1368 653689 122319
1384102896 1368 653920 122319
1384106428 1368 654023 122319
1384110021 1368 654058 122418
1384113625 1368 654113 122418
1384117222 1368 654146 122431
1384120816 1368 654166 122431
1384124416 1368 654255 122450
1384128045 1368 654379 122450
1384131626 1368 654447 122472
1384135232 1370 654508 122472
1384138838 1370 654601 122478
1384146046 1373 655251 122525
1384149663 1374 655767 122525
1384153232 1374 655908 122679
1384156859 1374 656019 122679
1384160492 1374 656245 122762
1384164038 1377 656879 122762
1384167672 1379 657816 122762
1384171249 1380 658991 123164
1384174862 1385 660171 123365
1384178653 1385 661174 123566
1384185635 1385 662157 123767
1384189300 1385 662278 123767
1384192838 1385 662358 123871
1384196434 1386 662424 123871
1384203621 1387 662472 123898
1384207219 1388 662501 123916
1384214420 1388 662737 123941
1384218025 1388 662781 123941
1384221635 1389 662837 123982
1384225233 1389 662896 124017
1384228871 1389 663017 124017
1384232452 1391 663512 124155
1384243292 1396 664305 124297
1384246883 1397 664468 124371
1384250446 1400 664975 124371
1384254147 1402 665879 124572
1384257685 1405 666868 124572
1384261512 1409 668065 124974
1384265022 1410 669137 125376
1384272051 1413 670023 125577
1384275643 1414 670176 125577
1384279223 1414 670226 125695
1384282826 1414 670262 125695
1384286420 1414 670288 125746
1384290024 1414 670298 125746
1384293621 1414 670331 125746
1384300821 1415 670596 125760
1384304423 1415 670651 125760
1384308046 1415 670712 125813
1384311642 1415 670780 125813
1384315243 1417 670901 125836
1384318876 1416 671536 125836
1384322469 1416 672077 126111
1384329673 1417 672328 126230
1384333308 1419 672607 126230
1384336872 1420 673310 126424
1384340437 1423 674194 126826
1384344038 1426 675437 126826
1384347675 1429 676887 127228
1384351262 1432 678223 127429
1384354934 1432 678884 127630
1384359715 1433 679251 127630
1384362058 1433 679333 127630
1384365647 1433 679493 127737
1384369218 1434 679609 127737
1384372825 1434 679682 127779
1384376419 1434 679761 127779
1384380019 1434 679867 127787
1384383617 1434 680022 127787
1384387220 1435 680154 127807
1384390838 1436 680232 127807
1384394427 1437 680336 127852
1384398040 1437 680437 127852
1384401670 1437 680619 127885
1384405271 1437 681193 127885
1384408839 1439 681820 128086
1384412436 1440 682035 128086
1384416137 1442 682185 128241
1384419714 1443 682350 128241
1384423250 1443 682886 128347
1384426840 1445 683938 128548
1384437674 1458 689669 129352
1384441329 1460 690654 129553
1384444934 1461 691128 129553
1384448442 1461 691329 129674
1384452042 1461 691401 129674
1384455649 1461 691437 129674
1384459223 1461 691456 129674
1384462815 1462 691472 129691
1384466419 1462 691499 129691
1384470023 1462 691635 129702
1384473620 1463 691811 129702
1384477220 1463 691892 129751
1384481862 1464 692032 129751
1384484443 1464 692123 129751
1384488029 1464 692291 129802
1384491631 1467 693011 129802
1384496268 1472 693880 129802
1384498873 1474 694069 130204
1384502821 1475 694439 130204
1384506126 1476 695000 130405
1384509713 1480 696028 130606
1384516849 1487 699281 131209
1384520450 1495 701397 131812
1384524128 1502 703346 132013
1384527833 1506 704962 132415
1384531264 1507 705975 132415
1384534824 1509 706485 132616
1384538458 1509 706796 132616
1384542020 1509 706926 132757
1384545618 1509 706984 132757
1384549223 1509 707014 132757
1384552824 1509 707058 132791
1384556418 1509 707209 132810
1384560019 1511 707722 132810
1384563626 1513 708637 132810
1384567232 1516 709873 133212
1384570867 1518 711137 133614
1384574428 1519 712573 133614
1384578029 1523 714030 134016
1384582286 1526 716011 134619
1384586300 1532 717429 135021
1384588833 1535 718291 135222
1384592834 1538 719530 135423
1384596050 1542 720964 135825
1384599702 1544 722504 136428
1384603243 1548 724117 136629
1384606854 1551 725665 137232
1384614092 1562 729521 137835
1384617665 1568 730827 138237
1384621255 1571 731525 138237
1384624838 1572 731898 138237
1384628447 1573 732068 138237
1384632020 1573 732124 138394
1384635622 1573 732162 138394
1384639222 1573 732219 138438
1384642819 1573 732354 138438
1384646415 1574 732811 138472
1384650016 1575 733977 138472
1384653626 1578 735389 139075
1384657227 1580 736755 139276
1384660827 1588 738573 139678
1384664465 1591 740507 139879
1384668063 1599 742472 140482
1384671790 1605 744271 140482
1384675234 1609 745912 141286
1384678928 1614 747704 141487
1384682425 1622 749586 141889
1384687086 1624 751991 142492
1384689661 1629 753571 142693
1384693230 1634 755676 143095
1384696874 1641 757520 143497
1384700431 1641 758272 143899
1384704022 1642 758669 143899
1384707626 1642 758873 143899
1384711221 1642 758938 143899
1384714820 1642 758977 144056
1384718419 1642 758988 144056
1384722018 1642 759013 144092
1384725619 1643 759078 144101
1384729219 1643 759187 144101
1384732840 1644 759351 144130
1384736427 1645 759442 144130
1384741388 1646 759560 144188
1384747433 1646 759729 144223
1384751124 1650 760499 144223
1384754424 1651 761209 144424
1384758083 1651 761397 144424
1384761640 1652 761576 144625
1384765234 1654 761830 144625
1384768889 1657 762576 144728
1384776060 1666 765193 145532
1384779650 1672 766563 145934
1384783242 1673 768040 145934
1384786827 1675 768904 146135
1384790416 1678 769279 146135
1384794014 1680 769481 146336
1384797612 1680 769605 146479
1384801209 1680 769659 146479
1384804808 1680 769671 146479
1384808411 1680 769691 146479
1384812013 1680 769718 146544
1384815611 1680 769843 146544
1384819210 1682 770016 146550
1384822810 1682 770116 146598
1384826418 1682 770207 146598
1384830010 1683 770304 146637
1384833610 1684 770492 146637
1384837251 1686 771246 146717
1384840831 1690 772128 146918
1384844536 1690 772304 146918
1384848012 1690 772444 147111
1384851617 1691 772706 147111
1384855217 1692 773484 147201
1384858809 1695 774571 147603
1384862411 1699 776142 148005
1384869653 1717 779553 148608
1384873218 1720 780419 148608
1384877848 1725 780873 148809
1384880411 1725 780991 148809
1384884011 1725 781087 148923
1384887611 1726 781127 148923
1384891207 1726 781160 148971
1384894806 1726 781210 148971
1384898409 1726 781247 148981
1384902008 1726 781360 148981
1384905610 1726 781557 148981
1384909217 1726 781599 149029
1384912935 1726 781682 149029
1384916457 1727 781746 149029
1384920034 1729 781893 149075
1384923643 1730 782527 149161
1384927220 1734 783183 149161
1384930827 1734 783354 149362
1384934427 1734 783519 149362
1384938026 1736 783767 149539
1384941631 1740 784448 149721
1384945216 1742 785682 150123
1384948844 1746 787132 150726
1384952411 1752 788807 151128
1384956014 1754 790636 151329
1384959627 1757 791796 151530
1384963278 1757 792241 151530
1384966814 1757 792444 151676
1384970412 1757 792532 151676
1384974010 1757 792587 151676
1384977607 1757 792631 151703
1384981212 1757 792656 151703
1384984807 1757 792704 151716
1384988428 1757 792848 151716
1384992011 1758 793072 151754
1384995611 1758 793144 151754
1384999208 1758 793230 151808
1385002818 1758 793321 151845
1385006413 1759 793523 151845
1385010014 1759 794274 151845
1385013611 1761 795076 151845
1385017222 1761 795274 152205
1385020858 1761 795393 152338
1385024415 1760 795682 152338
1385028014 1762 796579 152338
1385038855 1769 801594 153544
1385042424 1774 803457 153946
1385046016 1774 804483 153946
1385049613 1775 804886 154147
1385053211 1775 805054 154147
1385056810 1775 805162 154253
1385060410 1775 805214 154253
1385064010 1775 805258 154253
1385067616 1775 805300 154270
1385071207 1775 805344 154270
1385074810 1775 805521 154282
1385078410 1775 805778 154282
1385082011 1775 805885 154331
1385085618 1775 805946 154331
1385089213 1776 806051 154392
1385092812 1777 806218 154392
1385096416 1781 807035 154650
1385100330 1781 807962 154650
1385103613 1781 808263 154851
1385107216 1783 808670 155000
1385114418 1791 810602 155000
1385118011 1799 812499 155804
1385121612 1804 814642 155804
1385125228 1807 816831 156809
1385128865 1814 819211 157412
1385132418 1819 821372 157613
1385136017 1819 823018 157613
1385143210 1821 824508 157814
1385146808 1822 824727 157814
1385150410 1823 824888 158015
1385154011 1823 824977 158071
1385157613 1824 825047 158071
1385161212 1824 825303 158071
1385164807 1827 826136 158103
1385168409 1827 827496 158447
1385172008 1833 829164 158447
1385175613 1834 830833 159050
1385179213 1840 832668 159251
1385186415 1851 836350 159854
1385190016 1856 837864 160457
1385193615 1861 839798 160859
1385197215 1868 841599 161060
1385200811 1873 843425 161261
1385204413 1874 845172 161864
1385208013 1879 847004 162467
1385211625 1886 848968 162869
1385215209 1892 851272 163472
1385218818 1898 852978 163673
1385222410 1902 854099 163673
1385226014 1906 854725 164075
1385229611 1906 855055 164075
1385233208 1907 855261 164180
1385236812 1909 855391 164180
1385240407 1909 855464 164180
1385244007 1909 855526 164198
1385247608 1910 855646 164210
1385251207 1911 856202 164210
1385254811 1912 857468 164411
1385258411 1914 858974 164612
1385262012 1918 860567 165014
1385269210 1923 864306 165818
1385272816 1930 866410 166019
1385276413 1935 868352 166622
1385280016 1939 870418 167024
1385283613 1947 872640 167225
1385287210 1955 874626 167828
1385290821 1958 876563 168230
1385294411 1964 878606 168632
1385298013 1964 880996 168833
1385301618 1969 882654 169436
1385305211 1974 883655 169436
1385308827 1974 884146 169637
1385312410 1974 884430 169637
1385316007 1974 884577 169804
1385319610 1974 884699 169804
1385323208 1974 884739 169836
1385326808 1974 884793 169836
1385330409 1974 884842 169851
1385334009 1974 884991 169851
1385337616 1974 885121 169904
1385341214 1974 885154 169904
1385344817 1974 885244 169963
1385348485 1974 885313 169963
1385352020 1974 885429 169999
1385355621 1974 886056 169999
1385359226 1977 886697 170164
1385362821 1978 886885 170365
1385366427 1978 887040 170365
1385370031 1978 887328 170456
1385373629 1978 888078 170456
1385377221 1979 889190 170858
1385380825 1980 890457 171059
1385384424 1983 892016 171260
1385388015 1985 893327 172064
1385391634 1986 894124 172064
1385395221 1989 894592 172064
1385398821 1991 894824 172265
1385402418 1991 894898 172265
1385406016 1991 894945 172265
1385409613 1992 894989 172300
1385413208 1992 895026 172320
1385416812 1993 895110 172320
1385420417 1993 895267 172363
1385424018 1993 895440 172363
1385427617 1994 895510 172363
1385431228 1994 895561 172363
1385434831 1994 895677 172513
1385438422 1995 895848 172513
1385442027 1997 896640 172513
1385445625 1998 897327 172513
1385449224 1998 897526 172915
1385452852 1998 897619 172915
1385456420 1998 897797 172994
1385460016 1998 898309 172994
1385463621 2000 899215 173396
1385467238 2004 900333 173798
1385470824 2008 901676 174200
1385474420 2011 903077 174401
1385478030 2011 903845 174602
1385481622 2011 904193 174602
1385485220 2011 904395 174602
1385488814 2011 904503 174718
1385492422 2012 904565 174718
1385496014 2012 904591 174734
1385499608 2012 904630 174734
1385503210 2012 904652 174746
1385506824 2012 904754 174746
1385510426 2012 904896 174776
1385514019 2012 904933 174776
1385517626 2012 904974 174776
1385521215 2014 905042 174833
1385524819 2015 905188 174888
1385528419 2016 906005 175070
1385532022 2016 906674 175070
1385535620 2017 906858 175070
1385539221 2017 906987 175271
1385542818 2019 907290 175368
1385546445 2021 908192 175368
1385550025 2024 909658 175368
1385553622 2026 911118 176172
1385557223 2027 912942 176373
1385560822 2032 914974 176574
1385564437 2033 916221 176775
1385568022 2033 916906 176775
1385571620 2033 917223 176913
1385575217 2033 917403 176913
1385578814 2033 917452 176913
1385582409 2033 917500 176940
1385586008 2033 917541 176940
1385589611 2033 917623 176957
1385593208 2033 917848 176977
1385596819 2033 918089 176977
1385600424 2032 918197 177030
1385604030 2032 918292 177030
1385607635 2032 918421 177075
1385611222 2033 918656 177075
1385614825 2033 919723 177190
1385618424 2034 920841 177190
1385622019 2035 921117 177391
1385625701 2036 921319 177391
1385629241 2038 921706 177547
1385632821 2039 922863 177733
1385636419 2039 924765 178135
1385640023 2043 927063 178336
1385643627 2051 929566 178939
1385647224 2055 931867 179140
1385651714 2055 933215 179140
1385654478 2057 933889 179341
1385658019 2056 934241 179341
1385661620 2056 934378 179539
1385665218 2056 934447 179539
1385668811 2056 934486 179591
1385672407 2056 934527 179591
1385676008 2056 934614 179616
1385679606 2056 934878 179616
1385683217 2056 935174 179658
1385686825 2056 935255 179658
1385690420 2056 935384 179706
1385694025 2056 935553 179706
1385697627 2057 935799 179748
1385701277 2058 936988 179748
1385704823 2058 938221 179928
1385708440 2060 938587 179928
1385712048 2060 938974 180129
1385715639 2060 939814 180129
1385719223 2064 941804 180710
1385722831 2072 944423 181112
1385726448 2075 947338 181514
1385730042 2095 950574 182117
1385733659 2106 954135 182720
1385737226 2111 956869 182921
1385740825 2116 958791 183323
1385744426 2117 959810 183323
1385748035 2119 960256 183524
1385755213 2118 960523 183696
1385758808 2118 960626 183728
1385762409 2118 960730 183728
1385766015 2120 961012 183751
1385769611 2122 962019 183751
1385773225 2124 963627 183952
1385776819 2132 965704 184555
1385780420 2138 967904 184957
1385784021 2152 970459 185359
1385787622 2161 972933 185761
1385791227 2177 975342 185962
1385794822 2179 977585 186766
1385798416 2185 979954 187168
1385802026 2193 982491 187369
1385805618 2203 985105 187972
1385809239 2213 987734 188776
1385812825 2226 990621 189178
1385816426 2234 993851 189781
1385820023 2246 997158 190183
1385823681 2250 999791 190786
1385827225 2254 1001723 190987
1385830824 2253 1002906 191188
1385834421 2255 1003408 191389
1385838023 2256 1003629 191389
1385841639 2256 1003760 191389
1385845210 2256 1003850 191451
1385852407 2256 1004124 191468
1385856017 2256 1005035 191468
1385859621 2259 1006720 191791
1385863216 2262 1008988 192394
1385866820 2261 1011674 192595
1385870420 2266 1014773 193198
1385874022 2275 1018059 194002
1385877622 2277 1021427 194605
1385881228 2281 1024725 195208
1385884823 2290 1028285 196016
1385888428 2297 1031804 196619
1385895618 2320 1039231 198026
1385899218 2326 1043066 198643
1385902842 2332 1046476 199461
1385906428 2340 1049241 199863
1385910018 2343 1050808 200064
1385913613 2343 1051482 200064
1385917215 2342 1051853 200064
1385920816 2342 1052085 200254
1385924415 2342 1052202 200317
1385928009 2342 1052276 200317
1385931609 2342 1052345 200317
1385935207 2342 1052416 200345
1385938808 2343 1052608 200345
1385942415 2343 1052831 200382
1385946019 2343 1052928 200442
1385949655 2343 1053018 200442
1385953218 2344 1053147 200490
1385956815 2346 1053398 200490
1385960422 2347 1054478 200691
1385964132 2352 1055649 200892
1385967656 2353 1055995 200892
1385971225 2354 1056268 200892
1385974826 2359 1056741 201182
1385978426 2363 1057971 201182
1385982019 2369 1059826 201986
1385985645 2372 1062035 202187
1385989222 2375 1064471 203192
1385992824 2380 1066420 203594
1385996429 2384 1067714 203795
1386000021 2385 1068382 203795
1386003616 2388 1068690 203996
1386007220 2390 1068822 203996
1386010818 2391 1068926 204027
1386014410 2391 1068986 204027
1386018009 2391 1069022 204060
1386021607 2391 1069103 204060
1386025210 2391 1069295 204060
1386028819 2391 1069558 204060
1386032415 2391 1069647 204189
1386036017 2391 1069737 204189
1386039618 2391 1069929 204265
1386043218 2392 1070189 204265
1386046821 2396 1071537 204667
1386050421 2396 1072949 204667
1386054018 2399 1073306 204667
1386057630 2399 1073613 205020
1386061222 2399 1074149 205020
1386064820 2400 1075628 205221
1386068421 2407 1077805 206025
1386072019 2411 1080577 206226
1386075620 2422 1083669 206829
1386079235 2431 1086377 207231
1386082821 2433 1088028 207432
1386086419 2433 1088865 207633
1386090019 2433 1089231 207633
1386093619 2433 1089364 207633
1386097211 2433 1089414 207681
1386100811 2433 1089467 207681
1386104408 2433 1089500 207703
1386108007 2433 1089567 207703
1386111608 2433 1089826 207703
1386115218 2433 1090131 207725
1386118819 2433 1090205 207725
1386122420 2434 1090348 207787
1386126021 2434 1090511 207787
1386129622 2436 1090839 207846
1386133230 2436 1092284 208047
1386136835 2437 1093701 208248
1386140448 2437 1094005 208248
1386144023 2437 1094181 208449
1386147632 2437 1094683 208449
1386151224 2439 1095986 208765
1386154826 2443 1098057 208966
1386158419 2447 1100666 209569
1386162019 2452 1103969 210172
1386165617 2458 1106947 210574
1386169220 2459 1108873 210775
1386172820 2460 1109607 210976
1386176419 2460 1109923 210976
1386180018 2461 1110123 211105
1386183610 2461 1110192 211105
1386187209 2461 1110234 211139
1386190808 2461 1110275 211139
1386194408 2461 1110337 211162
1386198009 2460 1110499 211162
1386201622 2460 1110753 211162
1386205218 2460 1110862 211246
1386208820 2460 1111043 211246
1386212415 2461 1111260 211288
1386216020 2462 1111588 211288
1386219621 2464 1112818 211398
1386223221 2470 1114283 211398
1386226823 2470 1114713 211800
1386230420 2470 1115013 211800
1386234058 2472 1115546 211942
1386237623 2474 1116848 212344
1386241221 2481 1118966 212344
1386244838 2487 1121520 213148
1386248454 2488 1124211 213550
1386252025 2490 1126391 213952
1386255626 2490 1127580 214153
1386259223 2491 1128162 214153
1386262818 2491 1128401 214334
1386266417 2491 1128537 214334
1386270009 2492 1128619 214334
1386273609 2492 1128655 214334
1386277210 2492 1128692 214365
1386280810 2492 1128745 214365
1386284407 2492 1128923 214386
1386288018 2492 1129159 214386
1386291619 2492 1129301 214440
1386295219 2493 1129441 214440
1386298819 2493 1129629 214577
1386302419 2494 1129961 214577
1386306034 2497 1131102 214778
1386313359 2501 1132683 214979
1386316831 2505 1133064 214979
1386321357 2507 1133988 215180
1386324034 2508 1135105 215582
1386327702 2514 1137254 215984
1386331244 2518 1140198 216587
1386334834 2524 1143357 216788
1386338451 2527 1146514 217592
1386342029 2528 1149246 218195
1386345625 2529 1151235 218396
1386349219 2529 1152383 218597
1386352818 2529 1152941 218597
1386356419 2529 1153197 218760
1386360017 2529 1153306 218760
1386363610 2529 1153386 218760
1386367349 2529 1153488 218760
1386370839 2529 1153745 218855
1386374435 2529 1154755 218855
1386378038 2534 1156485 219056
1386381621 2536 1158308 219056
1386385219 2541 1160335 219659
1386388839 2549 1162628 220262
1386392429 2556 1164810 220865
1386396077 2563 1167063 221267
1386399619 2569 1169173 221468
1386403223 2572 1171232 222071
1386406820 2578 1173390 222674
1386410422 2580 1175642 222674
1386414031 2586 1177957 223478
1386417625 2589 1180365 224081
1386422259 2599 1183927 224684
1386424857 2608 1186131 225086
1386428421 2610 1188624 225488
1386432031 2613 1190319 225689
1386435630 2614 1191406 225689
1386439226 2615 1191856 225890
1386442820 2615 1192140 225890
1386446423 2615 1192270 226060
1386450012 2615 1192350 226060
1386453616 2615 1192455 226114
1386457226 2615 1192603 226114
1386460811 2618 1193221 226152
1386464418 2620 1194586 226328
1386468032 2625 1196358 226730
1386471618 2626 1198407 227333
1386475218 2630 1200862 227534
1386478820 2636 1203494 228137
1386482436 2647 1206122 228539
1386486024 2651 1208775 229142
1386489619 2655 1211250 229544
1386493223 2661 1213811 229946
1386497374 2667 1216581 230348
1386500421 2673 1219193 230951
1386504019 2682 1222261 230951
1386507615 2685 1225504 231755
1386511218 2690 1228382 232157
1386514822 2692 1230034 232157
1386518424 2693 1230851 232358
1386522023 2693 1231215 232489
1386525615 2693 1231407 232489
1386529207 2693 1231516 232513
1386532808 2693 1231568 232513
1386536408 2694 1231638 232533
1386540018 2693 1231713 232533
1386543608 2693 1231867 232572
1386547210 2693 1231999 232572
1386550827 2693 1232082 232572
1386554419 2693 1232143 232572
1386558021 2693 1232247 232612
1386561621 2693 1232513 232612
1386565221 2694 1233555 232655
1386568871 2695 1234586 232856
1386572438 2696 1234817 232856
1386576019 2696 1234956 233037
1386579618 2696 1235333 233037
1386583236 2699 1236360 233361
1386586811 2704 1238188 233562
1386590411 2709 1240238 233964
1386594013 2712 1242455 234366
1386597612 2713 1244426 234366
1386601214 2714 1245534 234768
1386604809 2715 1246138 234969
1386608409 2716 1246450 234969
1386612010 2716 1246614 235128
1386615611 2716 1246686 235128
1386619210 2716 1246742 235183
1386622808 2716 1246786 235183
1386626408 2717 1246836 235212
1386630010 2717 1247016 235212
1386633608 2717 1247238 235261
1386637211 2717 1247323 235261
1386640815 2717 1247380 235302
1386644412 2718 1247452 235302
1386648012 2719 1247622 235352
1386651614 2720 1248295 235352
1386655213 2721 1249097 235553
1386658815 2722 1249284 235553
1386662409 2723 1249428 235754
1386666009 2726 1249821 235754
1386669612 2729 1250792 236028
1386673211 2734 1252412 236430
1386677848 2741 1255403 236832
1386680411 2744 1257346 237234
1386684025 2746 1259732 237435
1386687614 2747 1261175 237636
1386691216 2747 1261833 237837
1386694814 2747 1262121 237837
1386698410 2747 1262261 237947
1386702010 2747 1262360 237947
1386705610 2747 1262397 237947
1386709212 2747 1262431 237947
1386712807 2747 1262482 237960
1386716410 2747 1262614 237960
1386720009 2747 1262828 237979
1386723613 2747 1262886 237979
1386727215 2748 1262986 238029
1386730818 2748 1263102 238029
1386734437 2748 1263245 238118
1386738031 2749 1264178 238118
1386741633 2750 1265268 238319
1386745287 2750 1265473 238319
1386748813 2750 1265675 238319
1386752420 2750 1266081 238486
1386756017 2752 1267065 238836
1386760641 2757 1269579 239238
1386763214 2762 1271236 239640
1386766870 2767 1273570 239841
1386770418 2771 1275549 240042
1386774026 2772 1276728 240444
1386777610 2773 1277312 240444
1386781214 2774 1277572 240595
1386784810 2774 1277692 240595
1386788411 2775 1277785 240595
1386792009 2775 1277834 240595
1386795609 2775 1277893 240633
1386799209 2775 1277974 240633
1386802814 2775 1278179 240660
1386806412 2775 1278427 240691
1386810013 2775 1278545 240691
1386813637 2775 1278652 240748
1386817216 2776 1278761 240748
1386820815 2776 1278944 240811
1386824424 2778 1279990 241012
1386828012 2777 1281027 241012
1386831615 2777 1281232 241213
1386835230 2778 1281416 241213
1386838810 2781 1281787 241326
1386842422 2784 1282855 241506
1386846025 2788 1284836 242109
1386849626 2793 1287368 242511
1386853225 2803 1290314 242913
1386856823 2808 1292710 243114
1386860486 2813 1294269 243516
1386864013 2814 1295096 243516
1386867611 2815 1295472 243717
1386871209 2815 1295676 243717
1386874813 2815 1295778 243762
1386878408 2815 1295845 243762
1386882011 2815 1295912 243787
1386885608 2815 1295974 243787
1386889212 2816 1296192 243813
1386892813 2816 1296472 243813
1386896414 2816 1296565 243892
1386900011 2816 1296682 243892
1386903619 2815 1296796 243965
1386907229 2815 1296996 243965
1386910824 2815 1297878 243965
1386914413 2819 1298877 244251
1386918018 2819 1299230 244251
1386921619 2819 1299582 244417
1386925235 2819 1300498 244618
1386928821 2822 1302211 244819
1386932444 2830 1304778 245221
1386936028 2835 1307942 246025
1386939630 2844 1311416 246628
1386943232 2852 1315005 247432
1386946833 2861 1317923 247633
1386950420 2865 1319660 248035
1386954013 2867 1320643 248035
1386957612 2867 1321146 248437
1386961208 2869 1321429 248437
1386964812 2869 1321536 248437
1386968414 2869 1321624 248539
1386972009 2869 1321692 248539
1386975617 2869 1321930 248575
1386979213 2868 1322634 248575
1386982817 2869 1324110 248977
1386986418 2874 1326085 249379
1386990017 2878 1328050 249580
1386993623 2883 1330297 249580
1386997224 2888 1332667 250585
1387000812 2895 1335046 251188
1387004423 2899 1337259 251389
1387008012 2905 1339597 251992
1387011618 2909 1341694 252595
1387015229 2918 1344121 252997
1387018830 2925 1346393 253399
1387022413 2934 1348718 254002
1387026016 2943 1351611 254404
1387029611 2948 1354801 254806
1387033217 2955 1357023 255208
1387036817 2960 1358618 255208
1387040414 2960 1359441 255811
1387044029 2960 1359863 255811
1387047614 2960 1360092 255811
1387051211 2960 1360256 255899
1387054809 2960 1360311 255899
1387058411 2960 1360385 255932
1387062013 2960 1360516 255932
1387065614 2960 1360999 255980
1387069219 2962 1362069 256181
1387072817 2966 1363701 256181
1387076417 2971 1365594 256985
1387080023 2974 1367911 256985
1387083615 2978 1370413 257789
1387087218 2982 1372880 258392
1387090814 2987 1375379 258593
1387094412 2996 1377694 259196
1387098021 3002 1380241 259598
1387101614 3005 1382603 259598
1387105222 3009 1385048 260603
1387108812 3016 1387806 261005
1387112418 3022 1390746 261407
1387116014 3028 1393039 262010
1387119615 3029 1394365 262010
1387123214 3029 1395040 262211
1387126809 3029 1395396 262354
1387130415 3029 1395579 262354
1387134009 3029 1395680 262354
1387137608 3029 1395741 262399
1387141209 3029 1395794 262399
1387144813 3029 1395870 262414
1387148413 3029 1396008 262414
1387152014 3029 1396202 262458
1387155617 3029 1396265 262458
1387159215 3030 1396387 262504
1387170021 3033 1397579 262754
1387173622 3035 1398543 262754
1387177216 3036 1398749 262754
1387180811 3036 1398877 262955
1387184412 3037 1399210 262955
1387188009 3036 1400436 263038
1387191608 3037 1402134 263038
1387195214 3040 1404162 263842
1387198808 3041 1406246 264445
1387202413 3042 1408053 264847
1387206013 3044 1408966 265048
1387209614 3046 1409453 265048
1387213208 3046 1409675 265249
1387216808 3046 1409759 265249
1387220406 3046 1409812 265355
1387224010 3046 1409851 265355
1387227608 3046 1409873 265365
1387231209 3046 1409900 265365
1387234809 3046 1410007 265376
1387238409 3046 1410124 265376
1387242012 3046 1410198 265429
1387245608 3047 1410271 265429
1387249214 3047 1410368 265474
1387252811 3048 1410540 265474
1387256415 3048 1411400 265750
1387260013 3050 1412289 265750
1387263610 3050 1412584 265951
1387267210 3050 1412786 265951
1387270809 3052 1413209 266042
1387274412 3056 1414283 266042
1387278012 3059 1415834 266846
1387281609 3066 1417696 267248
1387285211 3071 1419949 267449
1387288809 3075 1421830 267449
1387292410 3076 1422772 268052
1387296034 3076 1423229 268052
1387299674 3077 1423456 268191
1387303225 3077 1423573 268191
1387306896 3077 1423619 268215
1387310428 3077 1423644 268215
1387314008 3077 1423668 268215
1387317615 3077 1423710 268231
1387321229 3077 1423877 268231
1387324809 3077 1424045 268257
1387328461 3077 1424104 268257
1387332012 3077 1424188 268257
1387335611 3077 1424338 268292
1387339226 3077 1424551 268337
1387342813 3079 1425333 268538
1387346416 3079 1426188 268538
1387350016 3079 1426432 268739
1387353613 3079 1426613 268739
1387357210 3080 1426919 268887
1387360808 3084 1427974 269544
1387364413 3088 1429617 269946
1387368011 3092 1432006 270348
1387371611 3095 1434823 270750
1387375211 3098 1437029 270951
1387378813 3098 1438280 270951
1387382407 3100 1438897 271353
1387386009 3100 1439194 271353
1387389609 3100 1439364 271432
1387393210 3100 1439442 271432
1387396810 3100 1439491 271432
1387400407 3100 1439525 271432
1387404007 3100 1439596 271454
1387407608 3100 1439796 271454
1387411209 3100 1440007 271480
1387414813 3100 1440094 271480
1387418414 3100 1440237 271520
1387422010 3101 1440368 271584
1387425621 3101 1440607 271584
1387429212 3103 1441628 271709
1387432815 3104 1442652 271910
1387436468 3104 1442958 271910
1387440030 3105 1443171 272006
1387443610 3107 1443568 272006
1387447210 3109 1444721 272207
1387450812 3112 1446644 272609
1387454412 3120 1449083 273011
1387458014 3129 1451651 273614
1387461636 3136 1453914 273815
1387465233 3139 1455212 273815
1387468815 3141 1455722 274217
1387472414 3142 1455961 274217
1387476017 3144 1456107 274403
1387479610 3144 1456186 274403
1387483208 3144 1456219 274450
1387486809 3144 1456279 274450
1387490408 3144 1456342 274456
1387494007 3145 1456497 274456
1387497612 3145 1456682 274497
1387501208 3145 1456808 274497
1387504812 3145 1456918 274548
1387508412 3145 1457065 274548
1387512017 3145 1457237 274587
1387515622 3149 1458118 274788
1387519214 3151 1459058 274788
1387522813 3151 1459357 274989
1387526413 3151 1459699 274989
1387530009 3153 1460480 275149
1387533609 3155 1461992 275752
1387537210 3159 1464157 276355
1387540814 3168 1466616 276757
1387544441 3173 1469353 277360
1387548014 3183 1472173 278164
1387551609 3186 1474559 278164
1387555210 3186 1476111 278767
