1382460916 186 35318 7716
1382463012 186 35320 7716
1382466610 186 35322 7716
1382470210 186 35322 7716
1382473807 186 35325 7716
1382477407 186 35325 7716
1382481004 186 35326 7716
1382484605 186 35326 7720
1382488210 186 35327 7720
1382491811 186 35328 7720
1382495412 186 35335 7720
1382499013 186 35341 7720
1382502614 186 35345 7720
1382506215 186 35363 7720
1382509822 186 35372 7724
1382513437 186 35380 7724
1382517016 186 35382 7732
1382520637 186 35388 7732
1382524216 186 35403 7736
1382527839 186 35427 7736
1382531410 186 35445 7758
1382536059 186 35483 7780
1382538636 186 35491 7780
1382542215 186 35496 7780
1382544019 186 35499 7780
1382547617 186 35501 7780
1382551212 186 35504 7796
1382554813 186 35505 7796
1382558412 186 35505 7801
1382562006 186 35507 7801
1382565606 186 35508 7801
1382569212 186 35512 7801
1382572810 186 35522 7801
1382576412 186 35522 7801
1382580012 186 35524 7801
1382583614 186 35525 7801
1382587215 186 35526 7801
1382590820 186 35547 7805
1382594421 186 35575 7805
1382598017 186 35582 7814
1382601616 186 35591 7814
1382605210 186 35603 7814
1382608824 186 35644 7814
1382612438 186 35682 7823
1382616016 186 35732 7823
1382619628 186 35778 7868
1382623223 186 35822 7868
1382626819 186 35849 7891
1382630418 186 35857 7891
1382637612 186 35862 7909
1382641208 186 35863 7909
1382644810 186 35863 7909
1382648409 186 35863 7915
1382652011 186 35863 7915
1382655613 186 35864 7915
1382659211 186 35870 7915
1382662811 186 35870 7915
1382666413 186 35875 7915
1382670017 186 35877 7915
1382673618 186 35878 7915
1382677219 186 35892 7919
1382680821 186 35908 7919
1382684422 186 35911 7934
1382688025 186 35917 7934
1382691618 186 35919 7939
1382695215 186 35954 7939
1382698814 186 35987 7966
1382702418 186 36009 7966
1382706040 186 36040 7966
1382709612 186 36100 7966
1382713231 186 36125 8005
1382716815 186 36142 8025
1382720419 186 36149 8025
1382724012 186 36152 8025
1382727613 186 36154 8042
1382731214 186 36155 8042
1382734813 186 36157 8042
1382738412 186 36159 8042
1382742011 186 36161 8042
1382745612 186 36177 8049
1382749213 186 36187 8049
1382752814 188 36221 8049
1382756430 188 36238 8069
1382760018 188 36261 8069
1382763617 188 36281 8103
1382767220 188 36315 8103
1382770820 188 36339 8130
1382774423 188 36367 8130
1382778025 189 36391 8169
1382781619 189 36431 8169
1382785220 189 36458 8210
1382788821 189 36481 8210
1382792427 189 36517 8243
1382797051 189 36589 8271
1382799622 189 36597 8271
1382803215 189 36611 8271
1382806815 189 36629 8292
1382810417 189 36655 8292
1382814017 189 36665 8292
1382817613 189 36665 8292
1382821207 189 36665 8300
1382824809 189 36665 8300
1382828410 189 36665 8300
1382832017 189 36666 8300
1382835616 189 36681 8304
1382839218 189 36711 8304
1382842813 189 36729 8323
1382846416 190 36770 8323
1382850063 190 36788 8350
1382853624 190 36806 8350
1382857234 190 36821 8380
1382860909 190 36845 8380
1382864428 190 36857 8418
1382868023 190 36887 8418
1382871619 190 36904 8450
1382875237 191 36933 8450
1382878825 192 36946 8472
1382882561 192 36998 8472
1382886017 192 37020 8472
1382889621 192 37030 8491
1382893214 192 37033 8491
1382896816 192 37040 8495
1382900413 192 37042 8495
1382904009 192 37042 8495
1382907610 192 37042 8495
1382911210 192 37042 8495
1382914806 192 37043 8499
1382918411 192 37050 8499
1382922018 192 37052 8505
1382925618 192 37058 8505
1382929217 192 37059 8505
1382932820 192 37064 8505
1382936426 192 37077 8509
1382940017 192 37083 8509
1382943636 192 37087 8509
1382947220 192 37090 8524
1382950822 192 37097 8524
1382954420 192 37105 8531
1382958396 192 37118 8531
1382961640 192 37139 8550
1382965222 192 37176 8550
1382968826 192 37201 8581
1382972417 192 37207 8581
1382976020 192 37213 8581
1382979625 192 37216 8581
1382983213 192 37220 8586
1382986812 192 37222 8586
1382990413 192 37223 8586
1382994007 192 37223 8586
1382997607 192 37224 8586
1383001209 192 37226 8586
1383004818 192 37226 8586
1383008409 192 37226 8586
1383012016 192 37226 8586
1383015613 192 37226 8586
1383019220 192 37226 8586
1383022814 192 37226 8586
1383026421 192 37229 8590
1383030022 192 37229 8590
1383033621 192 37230 8600
1383037214 192 37235 8600
1383040817 192 37243 8600
1383044429 192 37261 8605
1383048230 192 37274 8605
1383051627 192 37283 8631
1383058817 192 37302 8653
1383066027 192 37308 8667
1383069622 192 37314 8667
1383073213 192 37323 8667
1383076813 192 37326 8667
1383080410 192 37326 8667
1383084013 192 37330 8667
1383087614 192 37336 8671
1383091215 192 37346 8671
1383094815 192 37350 8671
1383098414 192 37350 8671
1383102018 192 37353 8676
1383105613 192 37360 8676
1383109227 192 37397 8680
1383112839 192 37420 8680
1383116409 192 37432 8680
1383120040 192 37436 8680
1383123617 192 37444 8690
1383127214 192 37468 8690
1383134445 192 37548 8702
1383156014 192 37700 8782
1383159611 192 37700 8782
1383163210 192 37701 8782
1383166808 192 37701 8782
1383170407 192 37701 8782
1383174012 192 37702 8782
1383177612 192 37704 8782
1383181216 192 37710 8782
1383184821 192 37711 8782
1383188424 192 37714 8782
1383192019 192 37723 8786
1383195624 192 37734 8786
1383199222 192 37752 8792
1383202816 192 37759 8792
1383206421 192 37763 8809
1383210018 192 37772 8809
1383213616 192 37786 8818
1383217222 192 37822 8818
1383220856 192 37831 8818
1383224428 192 0 8818
1383228029 192 37887 8840
1383231638 192 37915 8840
1383235221 192 37921 8845
1383238822 192 37922 8845
1383242419 192 37923 8845
1383246013 192 37923 8845
1383249608 192 37923 8845
1383253214 192 37923 8845
1383256807 192 37923 8845
1383260412 192 37923 8845
1383264012 192 37927 8850
1383267614 192 37928 8850
1383271223 192 37928 8854
1383274820 192 37934 8854
1383278433 192 37934 8854
1383282018 192 37937 8854
1383285626 192 37947 8858
1383289216 192 37947 8858
1383292818 192 37950 8864
1383296418 192 37964 8864
1383300014 192 37984 8878
1383303621 192 38002 8878
1383307221 192 38038 8923
1383310851 192 38065 8923
1383314430 192 38095 8954
1383318032 192 38116 8954
1383321616 192 38136 8954
1383325216 192 38174 8954
1383328818 192 38184 8981
1383332409 192 38185 8981
1383336008 192 38185 8989
1383339613 192 38186 8989
1383343209 192 38186 8993
1383346808 192 38186 8993
1383350412 192 38200 8997
1383354016 192 38224 8997
1383357614 192 38265 9014
1383361214 192 38293 9014
1383364860 192 38306 9045
1383368417 192 38324 9045
1383372031 192 38350 9084
1383375635 192 38397 9084
1383379219 192 38463 9121
1383382821 192 38523 9121
1383386425 192 38572 9159
1383390022 192 38606 9159
1383393619 192 38635 9184
1383397221 192 38669 9184
1383400828 205 38703 9184
1383404422 192 38731 9209
1383408016 192 38759 9209
1383411614 192 38770 9239
1383415215 192 38772 9239
1383418814 192 38774 9239
1383422413 192 38775 9239
1383426011 192 38788 9250
1383429609 192 38791 9250
1383433209 192 38800 9250
1383436813 192 38805 9250
1383440417 192 38819 9254
1383444015 192 38836 9254
1383447615 192 38855 9265
1383451217 192 38874 9265
1383454819 192 38885 9289
1383458427 192 38904 9289
1383462018 192 38965 9311
1383465614 192 39013 9311
1383469208 192 39059 9349
1383472816 192 39090 9349
1383476416 192 39119 9397
1383480016 192 39145 9397
1383483622 192 39175 9397
1383487214 192 39197 9468
1383490818 192 39209 9468
1383491735 192 39214 9468
1383491901 192 39214 9468
1383493298 192 39216 9468
1383494418 192 39216 9468
1383498018 192 39218 9472
1383501614 192 39221 9472
1383505212 192 39222 9472
1383508810 192 39224 9476
1383512409 192 39231 9476
1383516008 192 39232 9476
1383519611 192 39237 9476
1383523213 192 39244 9476
1383526814 192 39246 9476
1383530415 192 39258 9476
1383534010 192 39270 9476
1383537614 192 39277 9480
1383541280 192 39319 9480
1383544814 192 39346 9494
1383548422 192 39349 9494
1383552024 192 39357 9509
1383555619 192 39367 9509
1383559336 192 39385 9530
1383562816 192 39420 9530
1383566418 192 39451 9552
1383570013 193 39501 9552
1383573618 193 39533 9552
1383577331 193 39552 9552
1383580837 193 39558 9566
1383584415 193 39565 9566
1383588009 193 39567 9566
1383591613 193 39569 9566
1383595207 193 39569 9571
1383598807 193 39569 9571
1383602409 193 39569 9575
1383606011 193 39569 9575
1383609608 193 39571 9575
1383613219 193 39572 9575
1383616814 193 39572 9580
1383620413 193 39575 9580
1383624025 193 39577 9580
1383627616 193 39584 9580
1383631216 193 39597 9584
1383634857 193 39602 9584
1383638427 193 39610 9594
1383642022 193 39618 9594
1383645615 216 39630 9609
1383649219 216 39640 9609
1383652872 216 39658 9609
1383656444 218 39679 9609
1383660036 218 39704 9624
1383663611 218 39705 9624
1383667238 218 39709 9641
1383670819 218 39710 9641
1383674418 218 39710 9647
1383678015 218 39711 9647
1383681614 218 39712 9647
1383685210 218 39712 9647
1383688818 218 39712 9647
1383692412 218 39718 9647
1383696011 218 39733 9647
1383699619 218 39734 9651
1383703216 218 39739 9651
1383706818 218 39744 9651
1383710416 218 39750 9651
1383714020 218 39755 9655
1383717618 218 39757 9655
1383721220 218 39761 9655
1383724823 218 39763 9655
1383728431 218 39767 9671
1383732020 218 39785 9671
1383735630 219 39806 9680
1383739262 219 39823 9680
1383742820 220 39854 9703
1383746449 220 39875 9703
1383750024 220 39891 9727
1383753616 220 39891 9727
1383757216 220 39891 9727
1383760815 220 39891 9727
1383764410 220 39891 9727
1383768013 220 39893 9727
1383771612 220 39893 9727
1383775212 220 39893 9727
1383778811 220 39900 9737
1383782412 220 39905 9737
1383786012 220 39907 9737
1383789620 220 39907 9737
1383793232 220 39907 9737
1383796832 220 39907 9737
1383800441 220 39913 9741
1383804020 220 39924 9741
1383807629 220 39926 9741
1383811226 220 39926 9741
1383814814 220 39937 9760
1383818423 220 39945 9760
1383822023 220 39958 9779
1383825623 221 39981 9779
1383829240 221 40002 9779
1383832819 221 40032 9804
1383836416 223 40057 9804
1383840067 223 40082 9818
1383843621 223 40088 9818
1383847212 223 40088 9818
1383850811 223 40088 9818
1383854412 223 40088 9818
1383858013 223 40088 9818
1383861612 223 40089 9818
1383865208 223 40089 9818
1383868812 223 40095 9835
1383872415 223 40097 9835
1383876020 223 40098 9835
1383879615 223 40101 9835
1383883215 223 40103 9835
1383886819 223 40121 9835
1383890436 223 40136 9839
1383894073 223 40143 9839
1383897620 223 40152 9852
1383901230 223 40167 9852
1383904826 225 40196 9852
1383908417 225 40219 9867
1383912022 225 40246 9899
1383915663 225 40267 9899
1383919241 226 40307 9922
1383922842 226 40339 9922
1383926491 226 40372 9958
1383930014 227 40383 9958
1383933615 227 40392 9983
1383937265 227 40397 9983
1383940811 227 40397 9983
1383944411 227 40397 9983
1383948071 227 40398 9983
1383951612 227 40398 9983
1383955211 227 40402 9988
1383958814 227 40408 9988
1383962422 227 40420 10001
1383966017 227 40434 10001
1383969616 227 40444 10026
1383973215 227 40459 10026
1383976822 227 40477 10050
1383980416 227 40490 10050
1383984013 227 40507 10070
1383987623 227 40525 10070
1383991217 227 40555 10097
1383994820 227 40586 10097
1383998575 226 40615 10097
1384002111 227 40635 10125
1384005621 228 40661 10125
1384009217 228 40682 10164
1384012826 228 40696 10164
1384016452 229 40705 10193
1384020012 229 40710 10193
1384023616 229 40715 10204
1384027213 229 40718 10204
1384030811 229 40721 10204
1384034411 229 40724 10204
1384038012 229 40729 10209
1384041611 229 40743 10209
1384045215 229 40748 10213
1384048820 229 40759 10213
1384052419 229 40793 10230
1384056012 229 40820 10230
1384059618 231 40842 10261
1384063213 231 40871 10261
1384067026 232 40898 10301
1384070417 232 40926 10301
1384074022 232 40959 10327
1384077629 232 41003 10327
1384081239 233 41048 10366
1384084821 233 41089 10366
1384088468 234 41107 10388
1384092071 235 41139 10388
1384095619 235 41156 10417
1384099218 235 41168 10417
1384102881 235 41168 10417
1384106413 235 41168 10417
1384110011 235 41168 10422
1384113611 235 41168 10422
1384117209 235 41168 10422
1384120811 235 41168 10422
1384124408 235 41168 10422
1384128015 235 41168 10422
1384131613 235 41168 10426
1384135213 235 41168 10426
1384138815 235 41169 10426
1384146026 235 41171 10426
1384149636 235 41189 10426
1384153214 235 41190 10430
1384156830 235 41192 10430
1384160443 235 41197 10435
1384164028 235 41207 10435
1384167659 235 41217 10447
1384171233 235 41236 10447
1384174823 235 41246 10463
1384178501 235 41261 10463
1384182089 235 41275 10477
1384185617 235 41278 10477
1384189273 235 41279 10477
1384192818 235 41279 10487
1384196410 235 41279 10487
1384203611 235 41279 10487
1384207209 235 41280 10487
1384214409 235 41283 10487
1384218009 235 41283 10487
1384221622 235 41284 10487
1384225220 235 41284 10487
1384228819 235 41286 10487
1384232437 235 41291 10487
1384243228 235 41302 10491
1384246843 235 41305 10491
1384250414 235 41317 10495
1384254140 235 41333 10495
1384257658 235 41346 10517
1384261429 236 41366 10541
1384264825 236 41383 10541
1384272023 236 41405 10559
1384275621 236 41405 10559
1384279209 236 41405 10559
1384282813 236 41405 10559
1384286411 236 41406 10559
1384290014 236 41406 10559
1384293610 236 41406 10559
1384300811 236 41408 10563
1384304412 236 41409 10563
1384308033 236 41409 10563
1384311627 236 41411 10563
1384315226 236 41415 10563
1384318850 236 41416 10563
1384322448 236 41421 10567
1384326318 236 41425 10567
1384329627 236 41427 10567
1384333254 236 41428 10567
1384336830 236 41435 10572
1384340416 236 41449 10572
1384344017 236 41476 10583
1384347628 237 41492 10583
1384351219 237 41513 10602
1384354868 237 41531 10602
1384359658 237 41535 10622
1384362032 237 41535 10628
1384365608 237 41540 10628
1384369207 237 41542 10628
1384372812 237 41542 10628
1384376410 237 41542 10628
1384380009 237 41543 10628
1384383610 237 41546 10628
1384387211 237 41554 10632
1384390810 237 41559 10632
1384394415 237 41565 10636
1384398018 237 41574 10636
1384401621 237 41583 10636
1384405244 237 41624 10636
1384408815 237 41661 10641
1384412422 237 41665 10641
1384416032 237 41672 10658
1384419634 237 41684 10658
1384423221 237 41708 10672
1384426820 237 41775 10672
1384430555 237 41806 10696
1384434107 237 41866 10696
1384437619 237 41917 10721
1384441273 237 41938 10721
1384444860 237 41961 10740
1384448425 238 41966 10740
1384452024 238 41970 10740
1384455619 238 41970 10740
1384459213 238 41975 10740
1384462806 238 41976 10740
1384466410 238 41976 10740
1384470010 238 41979 10740
1384473610 238 41983 10744
1384477210 238 41986 10744
1384480819 238 41988 10744
1384484409 238 41989 10744
1384488014 238 41997 10748
1384491615 238 42001 10748
1384496246 240 42014 10752
1384498821 240 42016 10752
1384502422 240 42019 10752
1384506017 240 42035 10752
1384509703 240 42047 10759
1384516818 240 42123 10775
1384520432 242 42155 10775
1384524044 243 42182 10824
1384527780 243 42195 10824
1384531233 243 42234 10863
1384534810 243 42244 10863
1384538420 243 42252 10879
1384542010 243 42258 10879
1384545610 243 42258 10883
1384549213 243 42258 10883
1384552814 243 42258 10883
1384556410 243 42260 10883
1384560011 243 42266 10883
1384563617 243 42274 10887
1384567217 243 42291 10902
1384570844 243 42318 10902
1384574410 243 42341 10902
1384578014 243 42357 10902
1384581849 244 42376 10939
1384586266 244 42396 10939
1384588821 245 42410 10960
1384592813 246 42431 11001
1384596035 246 42455 11001
1384599620 246 42487 11001
1384603213 246 42515 11044
1384606843 246 42543 11081
1384610482 249 42592 11081
1384614048 250 42614 11120
1384617622 250 42630 11120
1384621236 250 42641 11146
1384624821 250 42644 11146
1384628428 250 42644 11146
1384632011 250 42644 11146
1384635611 250 42644 11146
1384639212 250 42644 11146
1384642810 250 42648 11150
1384646406 250 42660 11150
1384650011 250 42672 11168
1384653617 251 42690 11168
1384657211 252 42718 11168
1384660814 252 42743 11168
1384664441 252 42754 11200
1384668019 252 42770 11200
1384671770 252 42787 11220
1384675219 252 42822 11220
1384678915 252 42857 11257
1384682415 252 42901 11257
1384687053 252 42936 11307
1384689611 253 42978 11307
1384693220 254 43022 11307
1384696824 255 43040 11359
1384700408 256 43054 11400
1384704011 256 43064 11400
1384707613 256 43068 11400
1384711212 256 43069 11422
1384714811 256 43069 11422
1384718410 256 43069 11422
1384722010 256 43069 11422
1384725611 256 43070 11422
1384729210 256 43077 11422
1384732811 256 43078 11426
1384736413 256 43079 11426
1384741046 256 43084 11426
1384747359 256 43092 11426
1384751113 256 43101 11426
1384754410 256 43113 11430
1384758065 256 43121 11451
1384761617 256 43123 11451
1384765211 256 43124 11451
1384768831 256 43128 11459
1384776051 257 43149 11469
1384779617 257 43161 11469
1384783226 257 43180 11494
1384786815 257 43193 11494
1384790407 257 43198 11524
1384794009 257 43205 11524
1384797605 257 43205 11533
1384801207 257 43205 11533
1384804805 257 43205 11533
1384808404 257 43205 11533
1384812010 257 43205 11533
1384815606 257 43211 11533
1384819205 257 43211 11537
1384822805 257 43214 11537
1384826409 257 43216 11537
1384830007 257 43217 11537
1384833605 257 43220 11537
1384837227 258 43228 11537
1384840805 258 43232 11541
1384844530 258 43239 11541
1384848004 258 43240 11556
1384851607 258 43240 11556
1384855211 258 43242 11562
1384858806 259 43257 11562
1384862407 259 43276 11587
1384866011 259 43305 11587
1384869639 260 43329 11615
1384873212 260 43332 11615
1384877841 260 43339 11615
1384880406 260 43342 11615
1384884006 260 43343 11632
1384887606 260 43343 11632
1384891204 260 43343 11632
1384894804 260 43343 11632
1384898404 260 43343 11632
1384902006 260 43346 11632
1384905607 260 43347 11636
1384909207 260 43349 11636
1384912904 260 43353 11636
1384916441 260 43356 11636
1384920025 260 43361 11640
1384923610 260 43378 11640
1384927211 260 43394 11644
1384930815 260 43398 11644
1384934414 260 43398 11659
1384938013 260 43404 11659
1384941620 261 43417 11666
1384945212 261 43426 11666
1384948808 261 43451 11690
1384952407 261 43466 11690
1384956008 261 43477 11720
1384959608 261 43480 11720
1384963269 261 43483 11734
1384966811 261 43490 11734
1384970404 261 43490 11734
1384974006 261 43493 11734
1384977604 261 43495 11734
1384981206 261 43496 11741
1384984804 261 43499 11741
1384988424 261 43510 11741
1384992005 261 43521 11741
1384995606 261 43521 11748
1384999205 261 43526 11748
1385002812 261 43541 11754
1385006405 262 43556 11754
1385010008 262 43586 11754
1385013605 262 43603 11754
1385017214 262 43610 11758
1385020845 262 43612 11758
1385024409 262 43628 11774
1385028008 262 43659 11774
1385038825 262 43819 11831
1385042417 262 43867 11831
1385046009 262 43886 11869
1385049607 262 43894 11877
1385053205 262 43904 11877
1385056805 262 43905 11877
1385060405 262 43907 11877
1385064005 262 43913 11882
1385067612 262 43915 11882
1385071204 262 43915 11882
1385074806 262 43917 11882
1385078406 262 43920 11882
1385082005 262 43922 11886
1385085608 262 43923 11886
1385089207 263 43928 11886
1385092806 263 43932 11886
1385096410 263 43939 11890
1385100264 263 43954 11890
1385103607 263 43960 11909
1385107210 263 43964 11909
1385114408 263 43990 11918
1385118007 263 44005 11951
1385121607 265 44040 11951
1385125212 264 44074 11987
1385128852 265 44113 11987
1385132408 265 44134 12014
1385136007 265 44149 12014
1385143207 265 44159 12030
1385146805 265 44160 12043
1385150405 265 44162 12043
1385154008 265 44162 12043
1385157610 264 44162 12043
1385161208 264 44165 12043
1385164805 264 44174 12048
1385168407 265 44194 12048
1385172005 266 44218 12059
1385175608 266 44236 12059
1385179205 266 44264 12080
1385186409 266 44308 12123
1385190009 267 44335 12123
1385193608 268 44359 12160
1385197208 269 44376 12160
1385200808 269 44395 12176
1385204407 270 44412 12176
1385208007 271 44429 12218
1385211607 271 44442 12218
1385215205 272 44466 12250
1385218806 272 44477 12250
1385222406 272 44489 12294
1385226006 272 44499 12294
1385229606 272 44507 12317
1385233205 272 44511 12317
1385236806 272 44523 12317
1385240405 272 44527 12326
1385244004 272 44528 12326
1385247604 272 44540 12326
1385251204 273 44578 12326
1385254807 274 44662 12330
1385258407 275 44750 12330
1385262008 276 44839 12374
1385269207 276 45049 12422
1385272810 277 45144 12422
1385276405 278 45232 12499
1385280007 278 45307 12545
1385283610 278 45366 12545
1385287207 278 45437 12607
1385290813 279 45547 12607
1385294406 280 45632 12685
1385298010 283 45726 12685
1385301611 283 45807 12751
1385305206 283 45857 12751
1385308822 283 45887 12751
1385312406 283 45901 12770
1385316004 283 45905 12770
1385319606 283 45908 12770
1385323206 283 45909 12770
1385326805 283 45910 12770
1385330407 283 45910 12770
1385334006 283 45912 12774
1385337612 283 45919 12774
1385341208 283 45925 12774
1385344810 283 45930 12774
1385348417 283 45941 12783
1385352010 283 45945 12783
1385355612 283 45960 12788
1385359216 285 45981 12788
1385362811 286 45998 12788
1385366417 286 46000 12788
1385370014 286 46002 12805
1385373610 286 46013 12805
1385377212 287 46037 12809
1385380811 288 46061 12809
1385384414 288 46106 12851
1385388007 289 46132 12851
1385391617 289 46137 12907
1385395210 289 46147 12907
1385398811 289 46147 12940
1385402409 289 46150 12940
1385406006 289 46150 12940
1385409607 289 46152 12940
1385413204 289 46152 12949
1385416807 289 46152 12949
1385420408 289 46155 12949
1385424009 289 46155 12949
1385427612 289 46157 12953
1385431216 289 46165 12953
1385434813 289 46169 12958
1385438411 289 46172 12958
1385442010 289 46176 12962
1385445611 289 46180 12962
1385449210 289 46182 12984
1385452841 290 46182 12984
1385456410 290 46186 12990
1385460011 291 46207 12990
1385463611 291 46217 13002
1385467212 291 46235 13002
1385470811 290 46246 13039
1385474411 290 46258 13039
1385478010 290 46277 13068
1385481611 291 46293 13068
1385485210 291 46296 13068
1385488810 291 46297 13068
1385492413 291 46297 13084
1385496007 291 46297 13084
1385499605 291 46298 13084
1385503206 291 46298 13084
1385506812 291 46300 13088
1385510410 291 46304 13088
1385514010 291 46304 13088
1385517612 291 46310 13088
1385521210 291 46319 13088
1385524810 291 46323 13088
1385528414 291 46330 13092
1385532011 291 46342 13092
1385535606 291 46349 13111
1385539210 291 46350 13111
1385542810 291 46352 13111
1385546414 291 46371 13122
1385550016 291 46399 13122
1385553612 292 46414 13122
1385557212 293 46436 13145
1385560811 293 46455 13171
1385564414 293 46477 13171
1385568011 293 46487 13200
1385571610 293 46492 13200
1385575208 293 46493 13207
1385578808 293 46494 13207
1385582405 293 46494 13207
1385586004 293 46494 13207
1385589605 293 46494 13207
1385593205 293 46496 13207
1385596810 293 46497 13207
1385600412 293 46498 13207
1385604012 293 46498 13207
1385607619 293 46499 13211
1385611209 293 46501 13211
1385614815 294 46509 13211
1385618410 294 46513 13217
1385622009 294 46527 13217
1385625624 295 46545 13217
1385629211 295 46557 13230
1385632812 295 46567 13230
1385636410 295 46580 13247
1385640011 296 46597 13247
1385643615 296 46618 13289
1385647214 296 46653 13289
1385650951 296 46666 13332
1385654458 296 46671 13332
1385658009 296 46672 13340
1385661611 296 46674 13340
1385665210 296 46674 13340
1385668806 296 46674 13340
1385672405 296 46674 13340
1385676004 296 46677 13340
1385679604 296 46681 13340
1385683212 296 46691 13340
1385686811 296 46694 13344
1385690410 296 46705 13344
1385694011 296 46709 13349
1385697617 296 46711 13349
1385701261 296 46718 13355
1385704813 297 46736 13355
1385708421 297 46738 13376
1385712018 297 46739 13376
1385715613 297 46750 13382
1385719212 297 46759 13382
1385722821 297 46770 13416
1385726418 297 46779 13416
1385730029 297 46803 13447
1385733647 298 46823 13447
1385737214 298 46890 13473
1385740814 298 46923 13473
1385744415 298 46950 13503
1385748013 298 46961 13503
1385755207 298 46965 13503
1385758805 298 46965 13503
1385762406 298 46965 13503
1385766007 298 46969 13503
1385769607 299 46987 13510
1385773210 299 46999 13510
1385776806 300 47036 13510
1385780410 300 47073 13530
1385784010 300 47120 13530
1385787611 300 47151 13563
1385791218 300 47205 13602
1385794809 301 47245 13657
1385798411 302 47298 13657
1385802014 303 47342 13657
1385805608 303 47401 13703
1385809220 303 47464 13703
1385812814 303 47517 13751
1385816411 304 47599 13751
1385820012 305 47681 13824
1385823667 305 47718 13824
1385827215 306 47766 13877
1385830811 306 47792 13877
1385834411 306 47806 13901
1385838014 306 47810 13901
1385841620 306 47813 13901
1385845205 306 47815 13901
1385852405 306 47817 13905
1385856009 307 47833 13905
1385859612 307 47855 13909
1385863210 308 47890 13909
1385866811 309 47923 13925
1385870411 310 47954 13925
1385874011 312 47990 13961
1385877613 313 48033 13961
1385881212 312 48078 14023
1385884815 313 48125 14023
1385888410 316 48180 14085
1385895610 318 48288 14150
1385899210 318 48353 14150
1385902811 321 48404 14233
1385906415 321 48442 14233
1385910010 322 48475 14341
1385913609 322 48481 14341
1385917207 322 48483 14370
1385920810 323 48486 14370
1385924409 323 48488 14370
1385928005 323 48488 14370
1385931606 323 48492 14370
1385935205 323 48492 14374
1385938805 323 48500 14374
1385942408 323 48502 14378
1385946011 323 48524 14378
1385949646 323 48534 14384
1385953210 323 48540 14384
1385956810 323 48553 14384
1385960414 323 48563 14394
1385964114 323 48592 14394
1385967645 323 48597 14394
1385971211 323 48602 14418
1385974813 323 48603 14418
1385978415 325 48612 14418
1385982010 325 48629 14429
1385985635 325 48650 14429
1385989213 325 48684 14468
1385992810 325 48701 14468
1385996414 325 48725 14508
1386000012 325 48746 14508
1386003607 325 48755 14561
1386007213 325 48756 14561
1386010810 325 48756 14561
1386014404 325 48758 14561
1386018006 325 48759 14572
1386021604 325 48759 14572
1386025205 325 48760 14572
1386028810 325 48760 14572
1386032407 325 48761 14576
1386036009 325 48762 14576
1386039610 325 48766 14576
1386043210 325 48767 14576
1386046811 325 48779 14583
1386050412 325 48789 14583
1386054007 325 48799 14599
1386057621 325 48804 14599
1386061213 325 48818 14613
1386064811 325 48847 14613
1386068412 326 48870 14638
1386072010 326 48896 14638
1386075611 327 48937 14690
1386079207 328 48970 14690
1386082809 328 48997 14733
1386086411 329 49001 14733
1386090011 329 49007 14743
1386093611 329 49007 14743
1386097208 329 49010 14743
1386100806 329 49013 14743
1386104405 329 49015 14747
1386108005 329 49015 14747
1386111604 329 49017 14747
1386115210 329 49020 14747
1386118810 329 49020 14747
1386122412 329 49021 14751
1386126013 329 49021 14751
1386129613 329 49023 14751
1386133220 329 49025 14751
1386136812 329 49030 14759
1386140436 329 49033 14759
1386144010 329 49034 14759
1386147616 329 49040 14781
1386151212 329 49060 14781
1386154813 330 49091 14789
1386158411 330 49112 14789
1386162009 331 49140 14827
1386165612 331 49162 14827
1386169212 331 49187 14868
1386172811 331 49194 14868
1386176410 331 49198 14891
1386180010 331 49200 14891
1386183607 331 49200 14891
1386187205 331 49201 14891
1386190805 331 49201 14891
1386194404 331 49201 14891
1386198005 331 49203 14898
1386201614 331 49205 14898
1386205210 331 49205 14898
1386208810 331 49206 14898
1386212407 331 49207 14903
1386216010 331 49209 14903
1386219610 331 49217 14907
1386223213 331 49245 14907
1386226813 332 49249 14928
1386230412 332 49253 14928
1386234010 332 49254 14936
1386237615 332 49261 14936
1386241212 332 49275 14952
1386244810 332 49290 14952
1386248420 333 49319 14988
1386252013 334 49338 14988
1386255615 334 49351 15023
1386259212 334 49353 15023
1386262811 334 49354 15029
1386266411 334 49354 15029
1386270006 334 49354 15029
1386273606 334 49354 15029
1386277207 334 49355 15029
1386280806 334 49355 15029
1386284405 334 49356 15029
1386288010 334 49357 15029
1386291611 334 49357 15033
1386295210 334 49358 15033
1386298811 334 49360 15033
1386302411 334 49362 15033
1386306025 334 49376 15037
1386309652 334 49394 15037
1386313265 334 49399 15058
1386316810 334 49402 15058
1386321324 334 49415 15065
1386324022 334 49420 15065
1386327645 334 49450 15079
1386331235 334 49493 15079
1386334817 334 49537 15135
1386338417 336 49573 15135
1386342017 336 49610 15176
1386345615 337 49625 15176
1386349210 337 49639 15193
1386352810 337 49644 15193
1386356410 337 49645 15193
1386360009 337 49645 15193
1386363605 337 49645 15193
1386367344 337 49645 15193
1386370837 337 49645 15193
1386374431 338 49647 15193
1386378030 338 49656 15193
1386381611 338 49665 15203
1386385210 338 49671 15203
1386388813 338 49685 15231
1386392419 338 49705 15231
1386396015 338 49750 15256
1386399610 338 49794 15256
1386403214 338 49831 15297
1386406810 339 49844 15297
1386410410 339 49861 15331
1386414009 339 49880 15331
1386417614 341 49913 15358
1386421211 342 49943 15358
1386424844 342 49965 15400
1386428410 342 49986 15400
1386432016 342 50000 15453
1386435615 342 50005 15453
1386439216 342 50005 15482
1386442812 342 50009 15482
1386446415 342 50015 15482
1386450007 342 50016 15482
1386453614 342 50019 15482
1386457224 342 50023 15482
1386460808 342 50028 15486
1386464409 342 50045 15486
1386468013 342 50057 15512
1386471610 344 50082 15512
1386475206 344 50109 15512
1386478812 345 50137 15512
1386482413 345 50157 15580
1386486010 346 50195 15580
1386489610 346 50237 15580
1386493214 346 50281 15580
1386497324 346 50316 15623
1386500412 346 50362 15623
1386504011 346 50396 15654
1386507607 346 50426 15676
1386511210 346 50453 15676
1386514812 346 50462 15701
1386518413 346 50467 15701
1386522019 346 50467 15701
1386525610 346 50467 15701
1386529204 346 50467 15701
1386532805 346 50467 15701
1386536404 346 50468 15701
1386540015 346 50468 15701
1386543605 346 50468 15701
1386547205 346 50468 15701
1386550821 346 50468 15701
1386554409 346 50469 15701
1386558012 346 50479 15706
1386561612 346 50487 15706
1386565211 346 50493 15718
1386568863 347 50504 15722
1386572410 347 50505 15722
1386576011 347 50506 15722
1386579610 347 50514 15732
1386583227 347 50522 15732
1386586806 347 50545 15736
1386590408 347 50561 15753
1386594007 347 50577 15753
1386597607 348 50589 15753
1386601208 348 50596 15753
1386604805 348 50606 15778
1386608405 348 50608 15778
1386612007 348 50608 15795
1386615607 348 50609 15795
1386619205 348 50610 15795
1386622806 348 50610 15795
1386626405 348 50610 15795
1386630005 348 50611 15795
1386633605 348 50612 15799
1386637206 348 50612 15799
1386640807 348 50612 15799
1386644407 348 50612 15799
1386648006 348 50615 15803
1386651609 349 50630 15803
1386655208 349 50635 15810
1386658810 349 50637 15810
1386662407 350 50641 15815
1386666005 350 50645 15815
1386669607 350 50650 15820
1386673208 350 50664 15820
1386676809 351 50681 15850
1386680408 351 50706 15850
1386684010 351 50738 15850
1386687609 351 50756 15850
1386691205 351 50757 15894
1386694808 351 50759 15894
1386698405 351 50760 15909
1386702007 351 50760 15909
1386705607 351 50760 15909
1386709206 351 50760 15909
1386712805 351 50761 15909
1386716406 351 50761 15909
1386720006 351 50764 15909
1386723608 351 50764 15909
1386727212 351 50764 15913
1386730811 351 50764 15913
1386734431 351 50765 15913
1386738021 351 50772 15913
1386741615 351 50783 15917
1386745249 351 50787 15917
1386748807 351 50789 15924
1386752412 351 50795 15924
1386756012 351 50801 15933
1386760639 351 50813 15933
1386763206 353 50832 15970
1386766863 353 50859 15970
1386770408 354 50887 15991
1386774009 355 50898 15991
1386777605 355 50914 15991
1386781209 355 50921 15991
1386784805 355 50927 16006
1386788406 355 50933 16006
1386792006 355 50937 16006
1386795605 355 50940 16006
1386799205 355 50945 16006
1386802808 355 50947 16006
1386806406 355 50952 16006
1386810010 355 50954 16006
1386813617 355 50956 16017
1386817208 355 50956 16017
1386820808 355 50956 16017
1386824417 355 50964 16024
1386828008 355 50974 16030
1386831606 355 50975 16030
1386835227 355 50984 16034
1386838805 355 50991 16034
1386842409 355 51003 16042
1386846009 356 51046 16042
1386849616 357 51071 16080
1386853216 357 51107 16080
1386856810 357 51144 16117
1386860470 357 51162 16117
1386864005 357 51175 16131
1386867607 357 51180 16131
1386871207 357 51184 16131
1386874809 357 51184 16131
1386878405 357 51184 16131
1386882007 357 51185 16131
1386885604 357 51186 16131
1386889206 357 51188 16131
1386892810 357 51202 16131
1386896408 357 51202 16140
1386900008 357 51202 16140
1386903609 357 51204 16140
1386907218 357 51209 16140
1386910812 357 51222 16144
1386914410 357 51237 16144
1386918010 357 51244 16162
1386921615 357 51254 16162
1386925229 357 51275 16174
1386928814 357 51302 16174
1386932428 357 51330 16208
1386936018 359 51379 16208
1386939613 359 51433 16276
1386943213 359 51480 16276
1386946819 359 51520 16335
1386950413 359 51555 16335
1386954008 359 51576 16335
1386957610 359 51586 16335
1386961205 359 51591 16363
1386964806 359 51592 16363
1386968411 359 51592 16363
1386972006 359 51595 16363
1386975608 359 51601 16363
1386979207 359 51623 16367
1386982814 360 51674 16367
1386986415 360 51770 16367
1386990008 362 51866 16397
1386993612 363 51982 16397
1386997214 365 52097 16449
1387000809 370 52216 16449
1387004407 371 52325 16527
1387008006 372 52426 16527
1387011605 373 52521 16527
1387015223 375 52618 16583
1387018806 375 52711 16583
1387022410 376 52799 16638
1387026007 379 52929 16638
1387029606 381 53020 16697
1387033211 382 53100 16697
1387036809 382 53145 16737
1387040410 382 53178 16737
1387044020 382 53202 16765
1387047608 382 53211 16765
1387051207 382 53219 16782
1387054806 382 53220 16782
1387058406 382 53222 16793
1387062008 382 53231 16793
1387065610 383 53239 16793
1387069212 383 53275 16793
1387072811 385 53336 16797
1387076411 386 53379 16797
1387080013 386 53427 16847
1387083609 386 53476 16847
1387087212 387 53535 16902
1387090810 388 53609 16902
1387094406 389 53664 16967
1387098014 389 53724 16967
1387101607 389 53761 16967
1387105208 389 53841 17027
1387108809 389 53900 17027
1387112409 390 53948 17093
1387116007 390 53979 17093
1387119608 390 54000 17141
1387123206 390 54013 17141
1387126806 390 54019 17175
1387130412 390 54023 17175
1387134006 390 54029 17179
1387137606 390 54029 17179
1387141206 390 54029 17179
1387144808 390 54029 17179
1387148405 390 54031 17179
1387152006 390 54035 17179
1387155612 390 54041 17179
1387159212 390 54051 17179
1387166491 390 54088 17183
1387170015 390 54144 17183
1387173611 390 54185 17187
1387177213 390 54206 17187
1387180806 390 54216 17206
1387184410 390 54244 17206
1387188007 391 54299 17238
1387191605 393 54384 17274
1387195208 395 54494 17274
1387198805 396 54587 17274
1387202408 397 54686 17349
1387206008 398 54745 17349
1387209612 399 54786 17349
1387213206 399 54797 17411
1387216805 399 54801 17411
1387220404 399 54802 17411
1387224006 399 54802 17411
1387227605 399 54805 17421
1387231205 399 54807 17421
1387234805 399 54816 17421
1387238406 399 54826 17421
1387242007 399 54827 17425
1387245605 399 54827 17425
1387249207 399 54834 17429
1387252806 399 54844 17429
1387256409 399 54867 17437
1387260007 399 54904 17437
1387263607 399 54914 17462
1387267206 401 54916 17462
1387270806 401 54936 17473
1387274408 401 54987 17473
1387278007 402 55034 17513
1387281605 404 55086 17513
1387285208 405 55164 17513
1387288806 406 55251 17513
1387292406 406 55311 17580
1387296021 406 55333 17580
1387299610 406 55341 17630
1387303219 406 55341 17630
1387306832 406 55341 17630
1387310426 406 55341 17630
1387314006 406 55343 17630
1387317605 406 55343 17634
1387321222 406 55347 17634
1387324805 406 55351 17634
1387328458 406 55354 17634
1387332008 407 55371 17638
1387335606 407 55390 17638
1387339215 407 55417 17638
1387342808 408 55493 17638
1387346410 408 55535 17642
1387350011 408 55552 17642
1387353608 408 55573 17684
1387357206 408 55591 17684
1387360805 411 55660 17700
1387364407 411 55753 17700
1387368006 411 55864 17762
1387371608 413 55943 17762
1387375207 413 56019 17851
1387378807 413 56074 17851
1387382405 413 56103 17905
1387386005 413 56117 17905
1387389604 413 56131 17920
1387393206 413 56135 17920
1387396807 413 56136 17925
1387400404 413 56139 17925
1387404005 413 56142 17925
1387407605 413 56167 17925
1387411204 413 56183 17929
1387414806 413 56190 17929
1387418407 413 56196 17929
1387422005 413 56202 17929
1387425613 414 56216 17936
1387429207 414 56259 17936
1387432809 414 56305 17949
1387436418 414 56325 17949
1387440028 414 56335 17989
1387443607 414 56346 17989
1387447205 414 56407 17998
1387450808 415 56507 18051
1387454407 417 56648 18051
1387458008 418 56770 18051
1387461629 420 56881 18140
1387465215 421 56974 18140
1387468810 421 56999 18140
1387472406 421 57017 18190
1387476012 421 57021 18190
1387479605 421 57022 18194
1387483205 421 57024 18194
1387486805 421 57024 18194
1387490404 421 57025 18194
1387494004 421 57027 18194
1387497605 421 57036 18194
1387501205 421 57039 18194
1387504805 421 57044 18194
1387508406 422 57047 18198
1387512009 424 57073 18198
1387515612 425 57169 18206
1387519209 425 57279 18206
1387522807 425 57313 18239
1387526408 425 57327 18239
1387530007 425 57370 18266
1387533606 428 57464 18266
1387537207 431 57639 18302
1387540808 431 57851 18302
1387544432 433 58044 18413
1387548008 435 58218 18413
1387551605 436 58383 18505
1387555205 439 58498 18505
