1382972543 117 4803 2585
1382976044 117 4803 2585
1382979651 117 4803 2585
1382983237 117 4803 2585
1382986829 117 4803 2585
1382990421 117 4803 2585
1382994013 117 4803 2585
1382997615 117 4803 2585
1383001219 117 4803 2585
1383004843 117 4804 2590
1383008427 117 4804 2590
1383012041 117 4804 2590
1383015635 117 4804 2590
1383019239 117 4804 2590
1383022864 117 4804 2590
1383026447 117 4805 2590
1383030053 117 4805 2590
1383033657 117 4805 2590
1383037235 117 4807 2590
1383040850 117 4808 2590
1383044551 117 4812 2594
1383048275 117 4815 2594
1383051688 118 4825 2598
1383058937 118 4826 2612
1383066080 118 4826 2612
1383070599 118 4826 2612
1383073225 118 4826 2612
1383076835 118 4826 2612
1383080428 118 4826 2612
1383084026 118 4826 2612
1383087631 118 4826 2612
1383091234 118 4828 2612
1383094837 118 4828 2612
1383098436 118 4828 2612
1383102045 118 4828 2612
1383105686 118 4828 2612
1383109277 118 4828 2612
1383112864 118 4832 2612
1383116472 118 4832 2616
1383120076 118 4832 2616
1383123639 118 4832 2616
1383127236 118 4832 2616
1383134606 118 4838 2616
1383156039 118 4843 2625
1383159628 118 4843 2625
1383163227 118 4843 2625
1383166813 118 4845 2625
1383170411 118 4846 2625
1383174027 118 4846 2625
1383177628 118 4846 2625
1383181238 118 4846 2625
1383184840 118 4847 2625
1383188459 118 4847 2625
1383192040 118 4848 2625
1383195651 118 4850 2629
1383199246 118 4851 2629
1383202867 118 4852 2629
1383206448 118 4852 2629
1383210053 118 4852 2629
1383213653 118 4852 2629
1383217296 118 4853 2633
1383220897 118 4853 2633
1383224620 118 0 2633
1383228084 118 4855 2633
1383231786 118 0 2637
1383235293 118 4856 2637
1383238851 118 4856 2642
1383242443 118 4856 2642
1383246034 118 4856 2642
1383249626 118 4856 2642
1383253228 118 4856 2642
1383256816 118 4856 2642
1383260427 118 4856 2642
1383264027 118 4856 2642
1383267640 118 4856 2642
1383271300 118 4856 2642
1383274866 118 4856 2642
1383278464 118 4857 2642
1383282043 118 4857 2642
1383285669 118 4858 2646
1383289250 118 4859 2646
1383292858 118 4859 2646
1383296446 118 4859 2650
1383300044 118 4859 2650
1383303666 118 4860 2650
1383307420 118 4860 2650
1383310959 118 4869 2654
1383314547 118 4874 2654
1383318112 118 4879 2658
1383321824 118 4879 2658
1383325244 118 4879 2664
1383328836 118 4880 2664
1383332427 118 4880 2664
1383336025 118 4880 2664
1383339629 118 4881 2664
1383343222 118 4882 2664
1383346821 118 4882 2664
1383350430 118 4886 2664
1383354034 118 4890 2668
1383357631 118 4895 2668
1383361247 118 4896 2668
1383364897 118 4900 2668
1383368435 118 4901 2676
1383372102 118 4903 2676
1383375871 118 4903 2676
1383379341 118 4904 2686
1383382848 118 4908 2686
1383386463 118 4910 2690
1383390048 118 4915 2690
1383393648 118 4922 2700
1383397294 118 4929 2700
1383404459 118 4936 2712
1383408090 118 4939 2716
1383411640 118 4941 2716
1383415234 118 4941 2716
1383418832 118 4941 2716
1383422431 118 4941 2716
1383426022 118 4941 2716
1383429616 118 4941 2716
1383433222 118 4941 2716
1383436830 118 4943 2716
1383440436 118 4945 2722
1383444041 118 4945 2722
1383447638 118 4947 2727
1383451250 118 4947 2727
1383455806 118 4950 2735
1383458444 118 4951 2735
1383462046 118 4965 2746
1383465660 118 4979 2746
1383469241 118 4982 2760
1383476448 118 4990 2760
1383480037 118 4999 2760
1383483652 118 5000 2769
1383487249 118 5001 2769
1383491766 118 5004 2790
1383491794 118 5004 2790
1383491929 118 5004 2790
1383493348 118 5004 2790
1383494444 118 5004 2790
1383498043 118 5007 2790
1383501629 118 5007 2790
1383505224 118 5008 2794
1383508816 118 5010 2794
1383512414 118 5010 2798
1383516014 118 5010 2798
1383519625 118 5010 2798
1383523229 118 5010 2798
1383526845 118 5011 2798
1383530437 118 5012 2798
1383534038 118 5012 2798
1383537646 118 5012 2798
1383541310 118 5012 2798
1383544836 118 5014 2798
1383548711 118 5014 2798
1383552059 118 5015 2802
1383555664 118 5015 2802
1383559368 118 5015 2802
1383562885 118 5015 2802
1383566456 126 5015 2806
1383570046 119 5015 2806
1383577706 119 5015 2806
1383580866 119 5015 2806
1383584496 119 5015 2806
1383588076 119 5015 2806
1383591630 119 5015 2806
1383595214 119 5015 2806
1383598812 119 5016 2806
1383602415 119 5016 2806
1383606024 119 5016 2806
1383609624 119 5016 2806
1383613241 119 5016 2806
1383616839 119 5016 2806
1383620451 119 5016 2806
1383624046 119 5016 2806
1383627647 119 5016 2806
1383631237 119 5019 2810
1383634901 119 5020 2810
1383638465 119 5021 2810
1383642062 127 5030 2810
1383645661 128 5062 2810
1383649258 130 5128 2810
1383652925 130 5224 2876
1383656584 131 5323 2876
1383660082 132 5429 2900
1383663647 132 5492 2900
1383667275 132 5514 2922
1383670854 132 5524 2922
1383674436 132 5530 2922
1383678036 132 5532 2922
1383681633 132 5533 2926
1383685217 132 5533 2926
1383688829 132 5533 2926
1383692427 132 5538 2926
1383696028 132 5555 2926
1383699649 132 5558 2926
1383703242 132 5568 2926
1383706929 132 5575 2930
1383710465 132 5583 2930
1383714048 132 5625 2934
1383717645 132 5667 2934
1383721276 132 5676 2968
1383724881 132 5689 2968
1383728469 132 5715 2968
1383732083 136 5774 2976
1383735669 138 5930 2976
1383739345 144 6022 3021
1383742882 146 6127 3061
1383746496 149 6219 3061
1383750149 149 6281 3061
1383753644 149 6300 3082
1383757236 149 6311 3082
1383760853 149 6330 3082
1383764420 149 6331 3082
1383768030 149 6331 3082
1383771628 149 6331 3082
1383775231 149 6331 3082
1383778828 149 6337 3082
1383782429 149 6356 3090
1383786043 149 6359 3090
1383789643 149 6359 3098
1383793266 149 6365 3098
1383796897 149 6365 3102
1383800484 149 6389 3102
1383804062 151 6405 3111
1383807678 151 6418 3111
1383811270 151 6423 3124
1383814849 151 6445 3124
1383818451 151 6488 3135
1383822051 151 6538 3135
1383825651 152 6599 3135
1383829280 153 6655 3135
1383832844 154 6713 3165
1383840105 157 6763 3188
1383843654 157 6771 3188
1383847231 157 6772 3188
1383850826 157 6772 3188
1383854430 157 6772 3188
1383858029 157 6772 3188
1383861628 157 6774 3188
1383865221 157 6781 3203
1383868830 157 6794 3203
1383872435 157 6799 3203
1383876052 157 6814 3203
1383879648 157 6820 3203
1383883239 157 6829 3212
1383886852 157 6839 3212
1383890514 157 6860 3222
1383894125 157 6866 3222
1383897667 157 6871 3228
1383901293 158 6884 3228
1383904878 159 6919 3240
1383908445 161 6966 3240
1383912053 162 7033 3272
1383915707 162 7092 3272
1383919304 165 7158 3297
1383922962 167 7186 3297
1383926566 167 7223 3297
1383930056 167 7239 3327
1383933628 168 7250 3327
1383937316 169 7264 3336
1383940834 169 7267 3336
1383944427 169 7267 3336
1383948111 169 7269 3336
1383951629 169 7272 3336
1383955226 169 7293 3336
1383958838 170 7323 3340
1383962576 172 7341 3340
1383966052 172 7370 3361
1383969640 173 7427 3361
1383973244 174 7483 3361
1383976844 174 7512 3402
1383980447 174 7546 3440
1383984039 174 7576 3440
1383987672 174 7611 3488
1383991248 174 7650 3488
1383994854 174 7681 3518
1383998781 174 7704 3518
1384005670 174 7762 3553
1384009546 174 7783 3585
1384012899 174 7801 3585
1384016502 175 7808 3611
1384020045 177 7816 3611
1384023636 177 7816 3611
1384027230 177 7816 3611
1384030829 177 7816 3611
1384034425 177 7818 3611
1384038029 177 7823 3611
1384041629 177 7832 3623
1384045234 177 7860 3623
1384048847 178 7931 3651
1384052487 180 7980 3651
1384056040 180 8030 3684
1384060701 185 8121 3684
1384063503 186 8171 3684
1384067069 186 8236 3684
1384070575 186 8318 3789
1384074061 187 8385 3789
1384077662 188 8450 3839
1384081323 188 8521 3839
1384088511 195 8694 3877
1384093186 197 8783 3877
1384099252 198 8864 3904
1384102908 198 8874 3904
1384106437 198 8879 3915
1384110029 198 8881 3915
1384113629 198 8882 3915
1384117228 198 8883 3915
1384120823 198 8883 3916
1384124420 198 8891 3916
1384128054 198 8919 3916
1384131635 198 8923 3917
1384135242 198 8932 3917
1384138847 198 8945 3918
1384146060 198 9039 3922
1384149677 199 9134 3922
1384153279 200 9170 3922
1384156884 200 9203 3922
1384160509 200 9244 3960
1384164048 201 9335 3960
1384167681 202 9443 3960
1384171258 203 9563 4002
1384174896 205 9715 4002
1384178704 207 9859 4042
1384185654 208 10040 4042
1384189308 209 10069 4069
1384192846 209 10084 4069
1384196449 209 10096 4080
1384203630 209 10097 4088
1384207226 209 10103 4088
1384214432 209 10148 4088
1384218032 209 10158 4088
1384221649 210 10165 4092
1384225245 210 10171 4092
1384228892 211 10184 4100
1384232464 212 10244 4100
1384243334 212 10334 4128
1384246921 213 10368 4128
1384250482 214 10419 4142
1384254198 216 10541 4142
1384257727 217 10703 4164
1384261646 219 10849 4164
1384265044 220 10985 4199
1384272062 220 11069 4265
1384275655 220 11073 4265
1384279235 220 11075 4265
1384282834 220 11075 4274
1384286432 220 11075 4274
1384290031 220 11075 4274
1384293628 220 11076 4274
1384300828 220 11098 4274
1384304443 220 11101 4278
1384308060 220 11109 4278
1384311662 220 11114 4278
1384315261 220 11123 4278
1384318904 224 11166 4282
1384322490 224 11212 4282
1384330000 225 11239 4303
1384333327 225 11265 4318
1384336892 227 11303 4318
1384340445 230 11409 4357
1384344101 233 11537 4357
1384347692 234 11692 4407
1384351586 236 11801 4407
1384355012 237 11879 4450
1384359742 237 11891 4450
1384362068 237 11900 4450
1384365662 237 11900 4450
1384369226 237 11902 4450
1384372832 237 11902 4450
1384376426 237 11903 4450
1384380026 237 11904 4469
1384383624 237 11909 4469
1384387227 237 11916 4469
1384390851 237 11918 4469
1384394440 237 11921 4469
1384398052 237 11927 4469
1384401701 237 11942 4473
1384405313 238 12002 4473
1384408881 239 12039 4477
1384412490 239 12066 4497
1384416148 239 12069 4497
1384419747 240 12082 4501
1384423260 241 12112 4501
1384426858 242 12214 4535
1384437687 245 12510 4535
1384441800 245 12551 4577
1384444955 245 12565 4577
1384448452 245 12573 4600
1384452053 245 12576 4600
1384455658 245 12579 4600
1384459230 245 12582 4600
1384462823 245 12585 4605
1384466427 245 12585 4605
1384470032 245 12589 4605
1384473638 245 12600 4605
1384477228 245 12603 4605
1384481871 245 12610 4605
1384484467 245 12614 4605
1384488090 246 12626 4609
1384491641 246 12663 4609
1384496280 246 12721 4629
1384498894 246 12734 4629
1384502835 246 12768 4654
1384506145 246 12802 4654
1384509958 246 12887 4679
1384516892 248 13152 4755
1384520463 251 13304 4755
1384524232 252 13448 4819
1384527847 254 13552 4819
1384531279 254 13660 4873
1384534855 254 13699 4873
1384538469 254 13715 4892
1384542031 254 13725 4892
1384545626 254 13727 4892
1384549232 254 13728 4892
1384552835 254 13739 4892
1384556425 254 13768 4892
1384560026 254 13819 4892
1384563633 254 13895 4898
1384567277 254 13985 4943
1384570897 255 14070 4943
1384574449 256 14207 4989
1384578038 256 14332 4989
1384582300 260 14499 4989
1384586310 261 14645 5057
1384588849 264 14724 5057
1384592852 266 14849 5126
1384596070 268 14964 5126
1384599716 272 15070 5208
1384603309 273 15227 5208
1384606878 276 15388 5279
1384617683 284 15742 5350
1384621303 285 15779 5403
1384624855 286 15795 5403
1384628451 286 15803 5414
1384632035 286 15804 5414
1384635630 286 15811 5414
1384639230 286 15817 5414
1384642825 286 15820 5414
1384646420 286 15846 5419
1384650024 287 15898 5419
1384653635 287 15992 5439
1384657252 288 16068 5439
1384661886 289 16176 5476
1384664495 289 16288 5476
1384668089 291 16438 5476
1384671801 291 16577 5546
1384675249 294 16743 5546
1384678936 298 16866 5608
1384682455 300 17045 5608
1384688128 301 17238 5746
1384689673 301 17318 5746
1384693240 303 17481 5746
1384696976 304 17598 5818
1384700536 304 17651 5818
1384704031 304 17667 5840
1384707635 304 17676 5840
1384711231 304 17676 5840
1384714827 304 17679 5840
1384718425 304 17683 5840
1384722026 304 17685 5840
1384725626 304 17689 5840
1384729228 304 17694 5840
1384732850 304 17701 5844
1384736434 304 17704 5844
1384741883 304 17709 5844
1384747531 304 17729 5844
1384751146 304 17754 5844
1384754433 304 17790 5848
1384758123 304 17798 5848
1384761657 304 17803 5864
1384765284 304 17816 5864
1384768905 304 17856 5870
1384776107 307 18014 5908
1384779659 307 18087 5908
1384783247 307 18153 5965
1384786839 307 18178 5965
1384790431 307 18198 5982
1384794018 307 18212 5982
1384797616 307 18212 5982
1384801214 307 18212 5982
1384804811 307 18213 5982
1384808417 307 18213 5982
1384812015 307 18213 5982
1384815613 307 18217 5982
1384819222 307 18223 5987
1384822812 307 18225 5987
1384826426 307 18228 5991
1384830014 307 18238 5991
1384833612 307 18249 5991
1384837255 308 18293 5991
1384840838 308 18336 5995
1384844540 308 18339 5995
1384848019 308 18346 6015
1384851628 308 18358 6015
1384855222 308 18403 6020
1384858822 309 18455 6020
1384862422 310 18536 6061
1384869673 312 18687 6090
1384873224 312 18712 6090
1384877853 313 18746 6109
1384880415 313 18750 6109
1384884014 313 18750 6109
1384887615 313 18750 6109
1384891209 313 18750 6109
1384894808 313 18751 6109
1384898411 313 18755 6113
1384902010 313 18760 6113
1384905614 313 18767 6113
1384909222 313 18767 6113
1384912941 313 18767 6113
1384916510 313 18767 6113
1384920043 313 18774 6117
1384924694 314 18816 6117
1384927226 315 18843 6123
1384930840 315 18845 6123
1384934443 315 18855 6136
1384938031 315 18872 6136
1384941634 316 18893 6148
1384945228 316 18946 6148
1384948872 316 19043 6192
1384952414 317 19128 6192
1384956027 319 19192 6192
1384959645 320 19223 6253
1384963281 320 19236 6253
1384966818 320 19240 6266
1384970418 320 19241 6266
1384974012 320 19241 6266
1384977612 320 19244 6266
1384981215 320 19245 6266
1384984810 320 19246 6266
1384988432 320 19249 6266
1384992014 320 19257 6266
1384995613 320 19259 6270
1384999210 320 19263 6270
1385002828 320 19271 6279
1385006417 320 19283 6279
1385010018 320 19314 6283
1385013617 322 19359 6283
1385017226 322 19366 6283
1385020863 322 19369 6283
1385024423 322 19381 6312
1385028021 322 19415 6325
1385038911 323 19579 6356
1385042427 323 19641 6400
1385046021 323 19696 6400
1385049617 323 19724 6419
1385053215 323 19733 6419
1385056814 323 19739 6419
1385060417 323 19742 6419
1385064013 323 19742 6419
1385067621 323 19742 6419
1385071214 323 19759 6419
1385074813 324 19764 6426
1385078414 324 19768 6432
1385082014 324 19768 6432
1385085625 324 19770 6432
1385089216 324 19770 6432
1385092815 324 19773 6432
1385096418 325 19813 6436
1385100332 325 19860 6473
1385103617 325 19872 6473
1385107222 324 19880 6477
1385114422 324 19968 6512
1385118032 324 20019 6512
1385121619 323 20105 6512
1385125232 325 20221 6512
1385128872 329 20342 6567
1385132423 330 20427 6567
1385136020 331 20495 6639
1385143212 331 20524 6683
1385146810 331 20524 6683
1385150414 331 20525 6683
1385154013 331 20525 6683
1385157615 331 20525 6683
1385161217 331 20537 6683
1385164812 331 20582 6698
1385168417 331 20624 6698
1385172012 331 20670 6709
1385175617 334 20725 6709
1385179217 334 20788 6753
1385186419 336 20943 6791
1385190021 338 21009 6791
1385193620 338 21062 6851
1385197226 339 21158 6851
1385200813 341 21231 6899
1385204417 343 21303 6937
1385208016 344 21392 6937
1385211630 347 21510 6992
1385215211 349 21595 6992
1385218821 349 21663 7046
1385222414 349 21700 7046
1385226018 349 21730 7068
1385229615 349 21740 7068
1385233212 349 21741 7068
1385236817 349 21744 7068
1385240410 349 21745 7079
1385244011 349 21753 7079
1385247611 349 21759 7079
1385251210 349 21779 7079
1385254814 350 21841 7083
1385258414 351 21903 7083
1385262015 351 21994 7114
1385269215 353 22182 7158
1385272822 355 22266 7158
1385276418 356 22323 7214
1385280020 356 22411 7214
1385283617 356 22508 7255
1385287217 356 22615 7255
1385290825 358 22706 7318
1385294417 360 22829 7318
1385298016 361 22932 7373
1385301623 362 23009 7373
1385305215 362 23062 7417
1385308833 362 23075 7417
1385312415 362 23083 7425
1385316011 362 23086 7425
1385319613 362 23087 7425
1385323210 362 23090 7425
1385326810 362 23090 7425
1385330413 362 23091 7425
1385334011 362 23092 7425
1385337619 362 23099 7425
1385341217 362 23104 7425
1385344821 362 23110 7425
1385348493 362 23112 7429
1385352024 362 23114 7429
1385355632 363 23132 7433
1385359237 364 23147 7433
1385362826 364 23159 7433
1385366435 364 23163 7433
1385370039 364 23175 7457
1385373638 365 23207 7463
1385377225 366 23253 7463
1385380833 367 23292 7499
1385384432 367 23363 7499
1385388029 367 23412 7544
1385391645 368 23443 7544
1385395225 368 23446 7568
1385398828 368 23448 7568
1385402425 368 23449 7568
1385406026 368 23454 7568
1385409618 368 23455 7568
1385413210 368 23456 7568
1385416816 368 23457 7572
1385420424 368 23459 7572
1385424025 368 23466 7572
1385427625 368 23467 7572
1385431240 368 23468 7572
1385434840 368 23469 7572
1385438429 368 23472 7572
1385442038 368 23493 7576
1385445634 368 23528 7576
1385449231 368 23543 7585
1385452855 368 23546 7585
1385456428 368 23550 7598
1385460024 369 23565 7598
1385463628 370 23597 7608
1385467249 371 23627 7608
1385470832 373 23647 7647
1385474428 373 23665 7647
1385478038 373 23684 7695
1385481630 373 23685 7695
1385485227 373 23689 7701
1385488820 373 23691 7701
1385492429 373 23691 7701
1385496019 373 23691 7701
1385499611 373 23691 7701
1385503214 373 23691 7701
1385506831 373 23693 7705
1385510429 373 23695 7705
1385514026 373 23695 7705
1385517634 373 23695 7705
1385521225 373 23699 7705
1385524825 373 23708 7705
1385528425 374 23728 7709
1385532029 374 23741 7709
1385535631 374 23743 7709
1385539231 374 23743 7730
1385542824 374 23750 7730
1385546457 374 23778 7734
1385550031 374 23831 7734
1385553630 375 23869 7770
1385557233 375 23898 7770
1385560877 375 23929 7797
1385564449 375 23946 7797
1385568033 375 23954 7797
1385571627 375 23963 7797
1385575224 375 23964 7811
1385578820 375 23966 7811
1385582412 375 23966 7811
1385586011 375 23967 7811
1385589614 375 23967 7811
1385593216 375 23967 7811
1385596825 375 23970 7811
1385600431 375 23971 7811
1385604042 375 23971 7811
1385607645 375 23977 7811
1385611230 375 23983 7815
1385614833 375 23996 7815
1385618432 375 24030 7821
1385622027 376 24043 7821
1385625714 377 24045 7827
1385629254 377 24056 7827
1385632828 377 24079 7837
1385636429 377 24114 7837
1385640031 379 24166 7863
1385643635 381 24220 7863
1385647233 381 24258 7863
1385651958 381 24312 7898
1385654492 381 24325 7898
1385658026 381 24330 7916
1385661630 381 24330 7916
1385665223 381 24330 7916
1385668814 381 24330 7916
1385672411 381 24330 7916
1385676010 381 24330 7916
1385679608 381 24337 7916
1385683224 381 24338 7916
1385686834 381 24338 7916
1385690436 381 24343 7916
1385694033 381 24348 7920
1385697636 381 24351 7920
1385701309 381 24361 7920
1385704832 383 24392 7924
1385708453 383 24404 7924
1385712057 383 24418 7924
1385715650 383 24432 7924
1385719236 384 24464 7939
1385722851 384 24513 7939
1385726460 385 24559 7992
1385730055 386 24623 7992
1385733667 387 24671 7992
1385737239 387 24714 7992
1385740833 388 24743 8053
1385744435 388 24761 8053
1385748043 388 24765 8075
1385755218 388 24766 8075
1385758810 388 24768 8075
1385762411 388 24769 8087
1385766018 388 24773 8087
1385769618 388 24802 8091
1385773232 388 24835 8091
1385776826 390 24870 8091
1385780424 390 24923 8091
1385784027 392 24983 8117
1385787629 392 25062 8117
1385791231 392 25118 8150
1385794827 393 25159 8150
1385798426 393 25199 8201
1385802033 393 25239 8201
1385805626 394 25282 8231
1385809246 395 25337 8255
1385812833 397 25391 8255
1385816437 397 25424 8255
1385820032 398 25467 8287
1385823690 398 25518 8287
1385827236 398 25566 8330
1385830833 400 25575 8367
1385834429 402 25579 8367
1385838030 403 25584 8424
1385841642 403 25587 8424
1385845212 403 25589 8424
1385852409 404 25596 8430
1385856023 410 25628 8430
1385859625 418 25692 8464
1385863222 424 25748 8464
1385866827 428 25794 8665
1385870426 440 25857 8665
1385874028 449 25952 9067
1385877632 453 26051 9067
1385881238 459 26160 9067
1385884832 473 26245 9268
1385888434 478 26364 9469
1385895624 493 26685 9670
1385899225 503 26850 9871
1385902853 511 27019 9871
1385906436 515 27163 10072
1385910026 517 27207 10072
1385913620 518 27234 10255
1385917221 518 27251 10255
1385920822 519 27258 10292
1385924419 519 27260 10292
1385928014 519 27261 10304
1385931611 520 27263 10304
1385935210 520 27269 10308
1385938810 520 27278 10308
1385942418 521 27288 10314
1385946025 521 27291 10314
1385949662 521 27299 10325
1385953228 522 27305 10325
1385956821 521 27316 10336
1385960428 521 27358 10336
1385964145 522 27419 10394
1385967673 522 27428 10394
1385971237 523 27440 10429
1385974834 523 27452 10429
1385978434 524 27496 10429
1385982024 525 27585 10455
1385985664 528 27686 10455
1385989234 531 27796 10576
1385992836 533 27873 10576
1385996438 534 27894 10744
1386000025 535 27908 10744
1386003623 535 27910 10803
1386007241 535 27912 10803
1386010824 535 27917 10820
1386014413 535 27922 10820
1386018012 535 27923 10820
1386021609 535 27923 10820
1386025214 536 27933 10824
1386028826 536 27940 10824
1386032421 536 27942 10824
1386036024 536 27945 10824
1386039625 536 27960 10832
1386043226 537 27968 10832
1386046829 539 28038 10847
1386050428 539 28113 10847
1386054028 539 28134 10899
1386057637 539 28145 10899
1386061229 540 28174 10925
1386064827 542 28243 10925
1386068425 545 28355 10964
1386072026 547 28528 10964
1386075629 553 28676 11076
1386079240 554 28795 11076
1386082830 554 28877 11232
1386086426 555 28911 11232
1386090027 555 28927 11291
1386093626 555 28929 11291
1386097215 555 28930 11291
1386100814 555 28930 11291
1386104410 555 28931 11291
1386108009 555 28932 11291
1386111612 555 28941 11304
1386115224 555 28953 11304
1386118826 555 28956 11311
1386122428 555 28959 11311
1386126032 556 28964 11311
1386129628 556 28973 11317
1386133241 558 29023 11340
1386136843 558 29085 11340
1386140475 558 29101 11340
1386144030 558 29107 11375
1386147639 560 29123 11394
1386151231 563 29167 11394
1386154837 563 29248 11394
1386158435 564 29331 11497
1386162027 567 29463 11497
1386165625 569 29577 11622
1386169227 571 29636 11622
1386172827 572 29661 11703
1386176428 572 29670 11703
1386180025 572 29672 11709
1386183614 572 29672 11709
1386187212 572 29672 11709
1386190811 572 29673 11709
1386194411 572 29678 11713
1386198011 572 29680 11713
1386201630 572 29691 11718
1386205224 572 29696 11718
1386208827 572 29703 11718
1386212422 572 29710 11718
1386216027 572 29718 11718
1386219631 572 29742 11749
1386223229 572 29768 11749
1386226830 572 29773 11749
1386230428 572 29777 11749
1386234069 572 29786 11782
1386237630 573 29827 11782
1386241231 573 29881 11839
1386244845 574 29957 11839
1386248461 574 30028 11839
1386252036 574 30076 11839
1386255634 574 30117 11928
1386259231 574 30123 11928
1386262825 574 30128 11978
1386266427 574 30130 11978
1386270012 574 30132 11978
1386273611 574 30132 11978
1386277212 574 30133 11978
1386280813 574 30135 11978
1386284410 574 30138 11982
1386288025 574 30142 11982
1386291626 574 30145 11986
1386295226 575 30146 11986
1386298829 575 30147 11986
1386302427 575 30149 11986
1386306081 575 30162 11990
1386313401 575 30204 12011
1386316840 575 30208 12011
1386321364 575 30229 12021
1386324041 575 30252 12021
1386327709 578 30301 12040
1386331249 582 30359 12040
1386334844 583 30414 12115
1386338460 586 30470 12115
1386349225 586 30564 12209
1386352825 586 30576 12281
1386356425 586 30582 12281
1386360024 586 30586 12298
1386363613 586 30588 12298
1386367366 586 30592 12305
1386370842 586 30597 12309
1386374438 586 30617 12309
1386378045 587 30660 12358
1386381628 588 30692 12358
1386385224 588 30742 12417
1386388854 590 30802 12417
1386392448 592 30846 12417
1386396094 593 30886 12496
1386399626 594 30951 12496
1386403259 595 30988 12555
1386406827 599 31040 12555
1386410432 601 31094 12625
1386414044 601 31154 12625
1386417642 602 31213 12711
1386422273 605 31313 12711
1386424865 607 31347 12711
1386428432 607 31421 12779
1386432052 607 31456 12779
1386435638 608 31482 12830
1386439233 608 31487 12830
1386442828 608 31492 12847
1386446428 608 31499 12847
1386450015 608 31503 12847
1386453619 608 31505 12847
1386457228 608 31505 12847
1386460816 608 31520 12847
1386464424 609 31552 12851
1386468042 610 31584 12851
1386471625 612 31639 12881
1386475224 612 31675 12881
1386478830 612 31725 12934
1386482443 615 31755 12934
1386486040 616 31779 12980
1386489636 617 31825 13036
1386493229 621 31883 13036
1386500428 624 31982 13036
1386504026 624 32047 13095
1386507622 625 32099 13095
1386511224 626 32152 13158
1386514834 626 32177 13158
1386518434 626 32188 13197
1386522030 626 32190 13197
1386525622 626 32210 13197
1386529210 626 32211 13197
1386532810 626 32211 13211
1386536409 626 32211 13211
1386540020 626 32212 13211
1386543610 626 32212 13211
1386547214 626 32215 13211
1386550831 626 32217 13211
1386554425 626 32220 13211
1386558027 626 32225 13211
1386561627 627 32229 13211
1386565239 627 32250 13211
1386568877 628 32272 13215
1386572446 628 32279 13215
1386576026 628 32282 13237
1386579628 628 32285 13249
1386583244 629 32300 13249
1386586816 629 32336 13280
1386590415 630 32365 13280
1386594018 630 32414 13342
1386597615 630 32459 13342
1386601219 630 32495 13387
1386604812 630 32519 13387
1386608414 630 32526 13387
1386612013 630 32529 13396
1386615617 630 32530 13396
1386619212 630 32530 13396
1386622811 630 32533 13396
1386626410 630 32534 13396
1386630014 630 32538 13396
1386633611 630 32547 13396
1386637215 630 32548 13396
1386640818 630 32548 13396
1386644418 630 32549 13396
1386648014 630 32558 13400
1386651618 631 32572 13400
1386655216 631 32588 13409
1386658822 631 32589 13409
1386662413 631 32590 13424
1386666011 631 32602 13424
1386669614 631 32609 13429
1386673213 631 32636 13429
1386677853 630 32689 13464
1386680414 631 32712 13464
1386684034 631 32749 13506
1386687617 632 32769 13506
1386691218 632 32787 13541
1386694817 632 32787 13541
1386698417 632 32792 13541
1386702016 632 32794 13541
1386705614 632 32794 13541
1386709214 632 32794 13541
1386712810 632 32796 13541
1386716419 632 32799 13541
1386720012 632 32800 13547
1386723625 632 32800 13547
1386727223 632 32800 13547
1386730825 632 32803 13547
1386734448 632 32804 13551
1386738037 633 32815 13551
1386741638 633 32833 13572
1386745300 633 32838 13572
1386748820 633 32842 13572
1386752429 633 32844 13572
1386756019 634 32866 13581
1386760654 636 32902 13581
1386763218 638 32934 13581
1386766873 637 33007 13608
1386770432 637 33037 13608
1386774030 637 33071 13679
1386777614 637 33081 13679
1386781217 637 33086 13697
1386784812 637 33086 13697
1386788414 637 33087 13697
1386792013 637 33087 13697
1386795614 637 33087 13697
1386799211 637 33087 13697
1386802816 637 33093 13697
1386806415 637 33094 13697
1386810016 637 33096 13697
1386813649 637 33096 13697
1386817219 637 33098 13697
1386820832 637 33098 13701
1386824427 638 33122 13701
1386828022 639 33152 13718
1386831618 639 33153 13718
1386835234 639 33155 13730
1386838815 639 33157 13730
1386842440 640 33170 13735
1386846031 640 33199 13735
1386849633 640 33233 13735
1386853232 641 33248 13770
1386856841 641 33286 13770
1386860501 641 33294 13797
1386864026 641 33313 13797
1386867616 641 33319 13828
1386871212 641 33324 13828
1386874819 641 33324 13828
1386878410 641 33325 13828
1386882013 641 33325 13828
1386885611 641 33326 13828
1386889218 641 33328 13828
1386892816 641 33335 13828
1386896417 641 33335 13828
1386900014 641 33341 13838
1386903625 642 33345 13838
1386907238 642 33345 13838
1386910834 642 33356 13838
1386914415 642 33374 13846
1386918023 642 33376 13846
1386921644 642 33380 13868
1386925239 642 33395 13868
1386928827 642 33412 13874
1386932452 642 33438 13874
1386936233 642 33461 13918
1386939633 643 33503 13918
1386943238 643 33530 13998
1386946838 643 33547 13998
1386950425 644 33574 14049
1386954015 644 33580 14049
1386957615 644 33584 14049
1386961215 644 33584 14049
1386964815 644 33586 14072
1386968416 644 33587 14072
1386972012 644 33587 14087
1386975620 644 33588 14087
1386979216 643 33593 14091
1386982823 643 33605 14091
1386986422 643 33618 14105
1386990019 644 33646 14105
1386993631 645 33669 14141
1386997229 647 33687 14141
1387000827 647 33704 14203
1387004432 647 33721 14203
1387008016 648 33739 14228
1387011624 649 33759 14228
1387015241 650 33796 14228
1387018833 650 33811 14228
1387022417 651 33843 14270
1387026022 651 33879 14304
1387029621 651 33918 14304
1387033227 652 33937 14304
1387036825 652 33948 14354
1387040430 652 33957 14388
1387044035 652 33961 14388
1387047622 652 33963 14388
1387051224 652 33967 14406
1387054812 652 33970 14412
1387058414 652 33971 14412
1387062017 652 33971 14412
1387065616 652 33980 14416
1387069223 653 33993 14416
1387072822 654 34015 14416
1387076421 654 34029 14416
1387080030 655 34054 14434
1387083624 655 34079 14434
1387087224 655 34103 14464
1387090823 656 34129 14464
1387094417 657 34160 14519
1387098029 658 34181 14549
1387101619 658 34194 14549
1387105229 658 34213 14588
1387108814 658 34254 14588
1387112425 658 34306 14624
1387116021 660 34355 14624
1387119618 660 34367 14624
1387123218 660 34376 14662
1387126812 660 34387 14662
1387130418 660 34392 14662
1387134011 660 34392 14662
1387137611 660 34392 14662
1387141211 660 34392 14662
1387144818 660 34395 14662
1387148415 660 34396 14662
1387152019 660 34397 14678
1387155620 660 34399 14678
1387159221 660 34401 14678
1387170024 661 34405 14682
1387173630 661 34417 14686
1387177221 661 34422 14686
1387180813 661 34423 14698
1387184417 661 34425 14698
1387188015 661 34438 14705
1387191613 661 34441 14705
1387195219 661 34462 14705
1387198812 661 34488 14721
1387202420 661 34505 14721
1387206018 661 34516 14775
1387209618 661 34521 14775
1387213212 661 34521 14805
1387216810 661 34521 14805
1387220409 661 34521 14805
1387224012 661 34521 14805
1387227610 661 34521 14805
1387231212 661 34521 14805
1387234812 661 34522 14818
1387238411 661 34523 14818
1387242017 661 34523 14818
1387245610 661 34523 14818
1387249218 661 34523 14818
1387252816 661 34523 14822
1387256420 661 34540 14822
1387260016 661 34549 14830
1387263615 661 34553 14830
1387267214 661 34554 14843
1387270812 661 34555 14843
1387274416 661 34564 14849
1387278015 662 34593 14849
1387281613 662 34614 14868
1387285216 662 34641 14868
1387288816 662 34655 14911
1387292413 662 34662 14911
1387296042 662 34679 14911
1387299684 662 34685 14911
1387303237 662 34685 14959
1387306899 662 34685 14959
1387310434 662 34685 14959
1387314010 662 34685 14959
1387321233 662 34685 14959
1387324812 662 34685 14959
1387328464 662 34685 14959
1387332015 662 34685 14969
1387335615 662 34685 14969
1387339230 662 34686 14969
1387342817 662 34697 14969
1387346419 663 34711 14973
1387350021 663 34712 14973
1387353617 663 34713 15002
1387357212 663 34714 15011
1387360810 663 34720 15011
1387364415 664 34737 15050
1387368016 664 34751 15050
1387371613 664 34767 15050
1387375214 664 34781 15087
1387378817 664 34786 15087
1387382411 664 34799 15111
1387386012 664 34805 15111
1387389611 664 34807 15111
1387393212 664 34807 15111
1387396813 664 34807 15119
1387400409 664 34808 15119
1387404009 664 34808 15119
1387407612 664 34808 15119
1387411211 664 34808 15119
1387414815 664 34809 15119
1387418417 664 34811 15119
1387422012 664 34811 15119
1387425630 664 34812 15123
1387429215 664 34822 15123
1387432823 664 34833 15127
1387436471 664 34837 15127
1387440033 664 34839 15137
1387443612 664 34843 15137
1387447212 664 34855 15141
1387450816 665 34872 15141
1387454417 665 34882 15178
1387458018 666 34906 15178
1387461647 666 34937 15200
1387465240 666 34947 15200
1387468818 666 34951 15218
1387472421 666 34953 15218
1387476021 666 34959 15218
1387479614 666 34963 15218
1387483210 666 34963 15230
1387486811 666 34963 15230
1387490410 666 34963 15230
1387494009 666 34963 15230
1387497615 666 34966 15230
1387501211 666 34967 15230
1387504816 666 34969 15230
1387508417 666 34971 15230
1387512022 666 34971 15234
1387515624 666 34986 15234
1387519222 666 34997 15234
1387522820 666 35000 15234
1387526417 666 35003 15234
1387530011 667 35009 15247
1387533613 668 35024 15247
1387537215 668 35045 15266
1387540819 669 35074 15266
1387544447 669 35104 15302
1387548018 670 35140 15302
1387551615 670 35159 15350
1387555214 670 35191 15350
